num_implements;num_tasks;num_vehicles;seed;full;time_horizon;num_periods;probabilityTA;probabilityTD;probabilityVA;probabilityVD;probabilityIA;probabilityID;t;toptimization;Obj;PenaltyCost;StaticCost;DistanciaTotal;Distancia_list;DesvDistancia;TaskDone_list;DesvTaskDone
10;10;10;1;True;2000;1;0;0;0;0;0;0;39.79020690917969;0.06757020950317383;7812.983959273672;6451.2745571136475;587.2355161742828;774.4899999999999;[80.13, 86.13, 45.32, 86.13, 86.13, 86.13, 80.13, 86.13, 86.13, 52.13];40.809999999999995;[2, 3, 1, 2, 2];2
10;10;10;1;True;2000;1;0;0;0;0;0;0;37.2485933303833;0.06120800971984863;7772.406083659505;6410.696681499481;587.2355161742828;774.4899999999999;[80.13, 86.13, 45.32, 86.13, 86.13, 86.13, 80.13, 86.13, 86.13, 52.13];40.809999999999995;[2, 3, 1, 2, 2];2
10;10;10;2;True;2000;1;0;0;0;0;0;0;64.665367603302;0.04463005065917969;8381.626018852758;6890.77072763443;420.51502253149323;1070.31;[51.88, 133.11, 93.11, 114.11, 64.88, 178.11, 124.11, 41.02, 91.87, 178.11];137.09;[1, 3, 1, 3, 1, 1];2
10;10;10;3;True;2000;1;0;0;0;0;0;0;43.950973987579346;0.03447246551513672;8111.207613875541;6657.070769309998;495.08506090988766;959.0699999999998;[71.33, 74.33, 117.41, 76.33, 117.41, 44.89, 105.14, 117.41, 117.41, 117.41];72.52;[1, 3, 1, 1, 1, 1, 2];2
10;10;10;4;True;2000;1;0;0;0;0;0;0;38.74306917190552;0.04441475868225098;7772.9264616196915;6406.532162189484;514.984217161308;851.4399999999999;[54.73, 98.5, 35.11, 98.5, 98.5, 98.5, 98.5, 97.5, 73.1, 98.5];63.39;[2, 1, 3, 1, 1, 2];2
10;10;10;5;True;2000;1;0;0;0;0;0;0;41.71162986755371;0.038863420486450195;6413.635930716649;5120.089744567871;520.1886054092406;773.38;[60.14, 87.14, 58.14, 107.14, 28.12, 106.14, 107.14, 52.14, 81.14, 86.14];79.02;[1, 1, 1, 2, 3, 2];2
10;10;10;6;True;2000;1;0;0;0;0;0;0;28.671549320220947;0.0405583381652832;6902.332484807106;5763.96281003952;446.8024146276326;691.5300000000001;[73.23, 40.46, 73.23, 73.23, 73.23, 73.23, 73.23, 73.23, 73.23, 65.23];32.77;[1, 1, 2, 2, 1, 1, 2];1
10;20;10;1;True;2000;1;0;0;0;0;0;0;66.57821655273438;0.12571263313293457;17602.96037474453;14922.6332654953;1282.7908666414155;1397.52;[143.34, 122.27, 133.61, 143.34, 143.34, 138.26, 143.34, 143.34, 143.34, 143.34];21.070000000000007;[3, 2, 2, 1, 4, 1, 3, 1, 3];3
10;20;10;2;True;2000;1;0;0;0;0;0;0;81.18925666809082;0.13501238822937012;16645.521218354806;13999.049395084381;1159.5841391212011;1486.8899999999999;[129.37, 151.37, 109.57, 177.37, 187.37, 187.37, 141.37, 85.36, 130.37, 187.37];102.01;[1, 3, 2, 2, 3, 2, 2, 1, 4];3
10;20;10;3;True;2000;1;0;0;0;0;0;0;46.70090866088867;0.1214296817779541;14777.800912709945;12666.926518917084;1140.0629192622696;970.84;[91.53, 99.49, 99.49, 99.49, 99.49, 83.39, 99.49, 99.49, 99.49, 99.49];16.099999999999994;[1, 3, 4, 1, 3, 2, 1, 1, 2, 2];3
10;20;10;4;True;2000;1;0;0;0;0;0;0;68.56487703323364;0.12606477737426758;15714.942851617428;13390.13364982605;1030.3702716824591;1294.4099999999999;[116.76, 136.0, 93.89, 136.0, 136.0, 131.76, 136.0, 136.0, 136.0, 136.0];42.11;[1, 4, 3, 1, 2, 2, 2, 2, 3];3
10;20;10;5;True;2000;1;0;0;0;0;0;0;151.50555610656738;0.2724885940551758;17709.85190692824;15300.767020225525;1100.5305240568568;1308.5800000000002;[84.89, 155.59, 109.59, 155.59, 130.59, 155.59, 155.59, 155.59, 107.59, 97.97];70.7;[2, 2, 3, 3, 1, 1, 2, 1, 3, 2];2
10;20;10;6;True;2000;1;0;0;0;0;0;0;166.4318127632141;0.28969407081604004;18684.812086138667;16351.187908649445;1014.9630406248706;1318.6800000000003;[107.94, 73.22, 149.94, 153.94, 127.94, 136.94, 170.94, 170.94, 139.94, 86.94];97.72;[2, 2, 2, 3, 2, 3, 2, 4];2
10;30;10;1;True;2000;1;0;0;0;0;0;0;193.81379318237305;0.5333237648010254;31508.983906449772;28019.782704353333;1818.057832162556;1671.1200000000003;[168.13, 168.13, 157.95, 168.13, 168.13, 168.13, 168.13, 168.13, 168.13, 168.13];10.180000000000007;[3, 3, 2, 1, 5, 4, 4, 2, 3, 3];4
10;30;10;2;True;2000;1;0;0;0;0;0;0;223.05944395065308;0.4777853488922119;29508.41071687088;25805.74751138687;1935.6938402521002;1766.95;[169.53, 206.53, 145.53, 183.53, 206.53, 206.53, 182.53, 124.18, 135.53, 206.53];82.35;[2, 3, 4, 4, 4, 3, 4, 2, 4];2
10;30;10;3;True;2000;1;0;0;0;0;0;0;177.59350204467773;0.47084665298461914;29376.358050973933;26075.255001544952;1822.0645356209861;1479.0200000000002;[131.67, 152.71, 152.71, 152.71, 152.71, 125.67, 152.71, 152.71, 152.71, 152.71];27.040000000000006;[1, 3, 4, 1, 4, 3, 5, 3, 2, 4];4
10;30;10;4;True;2000;1;0;0;0;0;0;0;167.2083249092102;0.4915120601654053;32196.549684580863;29180.39585351944;1591.5377796289547;1424.61;[144.09, 144.09, 127.8, 144.09, 144.09, 144.09, 144.09, 144.09, 144.09, 144.09];16.290000000000006;[4, 4, 3, 1, 1, 4, 5, 3, 2, 3];4
10;30;10;5;True;2000;1;0;0;0;0;0;0;193.4338526725769;0.47152209281921387;29642.274884640985;26338.20874261856;1728.0045384075324;1576.0299999999997;[170.38, 138.04, 170.38, 170.38, 166.5, 170.38, 155.5, 127.05, 137.04, 170.38];43.33;[3, 2, 5, 3, 2, 3, 2, 2, 3, 5];3
10;30;10;6;True;2000;1;0;0;0;0;0;0;182.8579807281494;0.4815032482147217;30262.2239941231;27280.6163687706;1493.9561244118586;1487.69;[144.74, 127.74, 157.74, 157.74, 157.74, 157.74, 157.74, 157.74, 157.74, 111.03];46.71000000000001;[1, 2, 3, 2, 5, 4, 3, 3, 2, 5];4
10;40;10;1;True;2000;1;0;0;0;0;0;0;258.8183569908142;0.7841000556945801;46212.18491387152;41848.911729335785;2398.751402614679;1964.4799999999998;[203.81, 171.0, 203.81, 203.81, 203.81, 203.81, 203.81, 203.81, 163.0, 203.81];40.81;[6, 3, 4, 2, 6, 3, 4, 4, 4, 4];4
10;40;10;2;True;2000;1;0;0;0;0;0;0;287.10111570358276;0.8360199928283691;45461.23224444767;40907.94123649597;2543.910912567169;2009.3900000000003;[176.37, 225.96, 175.37, 225.96, 215.58, 225.96, 225.96, 139.9, 172.37, 225.96];86.06;[2, 3, 2, 4, 4, 6, 6, 4, 3, 6];4
10;40;10;3;True;2000;1;0;0;0;0;0;0;278.554349899292;0.8561835289001465;44923.72233933305;40619.585268974304;2286.219864697012;2017.91;[180.83, 176.83, 215.48, 213.83, 215.48, 153.54, 215.48, 215.48, 215.48, 215.48];61.94;[3, 4, 3, 1, 5, 3, 8, 7, 3, 3];7
10;40;10;4;True;2000;1;0;0;0;0;0;0;236.83697366714478;0.7581145763397217;44783.225268858885;40597.433232307434;2315.1238427594803;1870.7000000000005;[164.33, 189.93, 188.93, 189.93, 189.93, 189.93, 189.93, 189.93, 187.93, 189.93];25.599999999999994;[5, 8, 1, 3, 2, 6, 4, 2, 5, 4];7
10;40;10;5;True;2000;1;0;0;0;0;0;0;207.08054733276367;0.7153654098510742;42669.44994407975;38582.15849876404;2500.809542527609;1586.4899999999998;[159.56, 159.56, 159.56, 159.56, 150.45, 159.56, 159.56, 159.56, 159.56, 159.56];9.110000000000014;[5, 5, 5, 4, 2, 3, 5, 4, 3, 4];3
10;40;10;6;True;2000;1;0;0;0;0;0;0;239.6295084953308;0.8470616340637207;45911.43738103961;41926.54541683197;2278.4634494584384;1706.3999999999999;[177.54, 177.54, 177.54, 177.54, 164.54, 169.54, 177.54, 177.54, 177.54, 129.54];48.0;[2, 4, 2, 4, 5, 6, 3, 5, 4, 5];4
10;50;10;1;True;2000;1;0;0;0;0;0;0;324.92684602737427;1.164048671722412;63612.59979305067;58595.400116443634;2827.7716751293656;2189.41;[204.58, 224.76, 224.76, 224.76, 224.76, 224.76, 224.76, 224.76, 186.75, 224.76];38.00999999999999;[6, 4, 6, 5, 7, 3, 3, 4, 5, 7];4
10;50;10;2;True;2000;1;0;0;0;0;0;0;340.82971382141113;1.1740093231201172;62156.2118304513;56828.091220378876;3131.673726760784;2196.48;[190.85, 240.54, 240.54, 240.54, 217.85, 240.54, 174.85, 169.69, 240.54, 240.54];70.85;[1, 5, 4, 7, 4, 7, 6, 5, 6, 5];6
10;50;10;3;True;2000;1;0;0;0;0;0;0;321.339328289032;1.2900950908660889;61427.18868069347;56368.670137405396;2876.168943232231;2182.33;[196.98, 224.55, 224.55, 224.55, 224.55, 209.55, 224.55, 203.95, 224.55, 224.55];27.57000000000002;[3, 6, 3, 2, 4, 5, 8, 7, 6, 6];6
10;50;10;4;True;2000;1;0;0;0;0;0;0;334.97547006607056;1.0493297576904297;61193.335991038606;56217.96760177612;2798.538797543887;2176.85;[205.1, 240.1, 205.1, 223.1, 240.1, 214.1, 240.1, 214.1, 192.95, 202.1];47.150000000000006;[4, 7, 5, 3, 3, 6, 6, 5, 5, 6];4
10;50;10;5;True;2000;1;0;0;0;0;0;0;333.83002519607544;1.1703689098358154;62588.822445371115;57305.92677593231;3127.8797091853407;2155.06;[225.94, 213.94, 205.94, 225.94, 203.94, 225.94, 225.94, 175.6, 225.94, 225.94];50.34;[5, 7, 6, 5, 4, 7, 4, 3, 4, 5];4
10;50;10;6;True;2000;1;0;0;0;0;0;0;292.2812080383301;1.1739764213562012;62044.739399202386;57311.03910303116;2774.062848303922;1959.5999999999997;[202.06, 177.06, 202.06, 202.06, 202.06, 202.06, 202.06, 202.06, 202.06, 166.06];36.0;[3, 3, 5, 6, 6, 7, 4, 7, 4, 5];4
10;60;10;1;True;2000;1;0;0;0;0;0;0;513.9841747283936;1.443568468093872;87204.52335952819;81044.23920488358;3511.5692664738212;2648.7300000000005;[240.4, 256.4, 243.4, 318.05, 268.4, 266.4, 222.96, 318.05, 228.62, 286.05];95.09;[5, 7, 7, 5, 8, 4, 5, 7, 5, 7];4
10;60;10;2;True;2000;1;0;0;0;0;0;0;436.65792083740234;1.609100103378296;81191.6424490038;74884.77498483658;3730.7276439012353;2576.1099999999997;[256.35, 272.54, 272.54, 270.54, 254.35, 272.54, 209.36, 263.35, 237.0, 267.54];63.18000000000001;[4, 4, 5, 9, 7, 9, 6, 5, 5, 6];5
10;60;10;3;True;2000;1;0;0;0;0;0;0;537.9443655014038;1.5483314990997314;82017.56981662172;75864.79655075073;3428.952807861527;2723.8;[310.67, 242.37, 270.67, 353.67, 262.67, 261.67, 249.37, 222.37, 259.67, 290.67];131.3;[3, 5, 4, 7, 7, 6, 7, 8, 7, 6];5
10;60;10;4;True;2000;1;0;0;0;0;0;0;386.1917634010315;1.4156687259674072;83326.65326957384;77499.76428937912;3459.1564993186557;2367.7799999999997;[184.53, 247.25, 247.25, 236.25, 247.25, 247.25, 247.25, 245.25, 218.25, 247.25];62.72;[6, 6, 5, 5, 5, 7, 7, 8, 5, 6];3
10;60;10;5;True;2000;1;0;0;0;0;0;0;430.99276638031006;1.5261716842651367;79779.50909381117;73589.32223653793;3699.884560522975;2490.3;[193.03, 263.75, 247.75, 237.23, 264.75, 264.75, 264.75, 264.75, 251.75, 237.79];71.72;[3, 8, 8, 6, 5, 6, 7, 4, 6, 7];5
10;60;10;6;True;2000;1;0;0;0;0;0;0;423.02547788619995;1.5024495124816895;83694.47326168092;77866.84830665588;3330.653094481953;2496.96;[262.51, 252.51, 243.51, 262.51, 253.51, 262.51, 206.04, 262.51, 262.51, 228.84];56.47;[4, 4, 5, 9, 7, 5, 5, 9, 7, 5];5
10;70;10;1;True;2000;1;0;0;0;0;0;0;579.1396360397339;2.0352230072021484;111301.47674821591;104162.80745649338;4135.15922394795;3003.5299999999997;[338.1, 272.5, 262.46, 261.46, 261.08, 270.53, 340.1, 318.1, 339.1, 340.1];79.02000000000004;[8, 6, 8, 6, 9, 7, 6, 8, 5, 7];4
10;70;10;2;True;2000;1;0;0;0;0;0;0;521.9799466133118;1.9993791580200195;105723.77688711422;98706.46335458755;4162.47740631479;2854.8000000000006;[278.38, 293.38, 293.38, 292.38, 293.38, 292.38, 281.38, 260.38, 276.38, 293.38];33.0;[6, 7, 6, 9, 6, 9, 7, 7, 6, 7];3
10;70;10;3;True;2000;1;0;0;0;0;0;0;572.9543881416321;1.905243158340454;103765.468658075;96790.92569923401;3964.9913884563066;3009.55;[308.26, 280.26, 270.26, 335.87, 286.26, 301.26, 243.8, 335.87, 312.84, 334.87];92.07;[10, 6, 6, 7, 7, 7, 7, 6, 7, 7];4
10;70;10;4;True;2000;1;0;0;0;0;0;0;600.5377621650696;2.0335440635681152;115222.52950696535;107701.94041252136;4347.493839342229;3173.0600000000004;[237.41, 302.72, 348.72, 348.72, 269.78, 348.72, 348.72, 348.72, 275.83, 343.72];111.31000000000003;[5, 7, 7, 8, 5, 9, 7, 9, 5, 8];4
10;70;10;5;True;2000;1;0;0;0;0;0;0;549.3375053405762;1.9797015190124512;108249.41239662906;100805.22725391388;4378.688796225025;3065.4700000000003;[318.15, 317.15, 309.15, 280.43, 300.15, 292.44, 317.15, 317.15, 317.15, 296.55];37.71999999999997;[6, 8, 8, 8, 5, 6, 7, 7, 7, 8];3
10;70;10;6;True;2000;1;0;0;0;0;0;0;684.6876406669617;2.064992666244507;117446.70118736062;110393.76129770279;4218.16153241181;2834.8;[268.48, 237.48, 293.48, 354.48, 304.48, 267.48, 360.48, 241.48, 360.48, 146.48];214.00000000000003;[5, 5, 6, 8, 9, 9, 8, 7, 8, 5];4
10;80;10;1;True;2000;1;0;0;0;0;0;0;654.3488163948059;2.420912742614746;141897.51218266648;133846.8095741272;4619.428711128541;3431.2999999999997;[307.47, 323.51, 353.79, 344.79, 353.79, 354.79, 332.79, 352.79, 353.79, 353.79];47.31999999999999;[7, 6, 10, 6, 8, 11, 9, 10, 7, 6];5
10;80;10;2;True;2000;1;0;0;0;0;0;0;690.0977935791016;2.3150155544281006;133684.90431774937;125448.22655010223;4887.882804361566;3348.7999999999993;[355.28, 324.28, 336.28, 356.28, 356.28, 356.28, 307.28, 356.28, 324.28, 276.28];80.0;[5, 8, 6, 12, 8, 10, 10, 9, 6, 6];7
10;80;10;3;True;2000;1;0;0;0;0;0;0;718.8244934082031;2.310774803161621;133455.10902183896;125197.4577922821;4719.873725136309;3537.7699999999995;[328.99, 395.49, 311.25, 323.48, 373.26, 341.23, 394.49, 327.13, 346.96, 395.49];84.24000000000001;[8, 9, 8, 6, 8, 7, 10, 6, 8, 10];4
10;80;10;4;True;2000;1;0;0;0;0;0;0;661.678041934967;2.2094836235046387;144129.93242803414;135463.63449048996;5241.517271218032;3424.7699999999995;[355.87, 355.87, 355.87, 253.03, 355.87, 355.87, 355.87, 354.87, 325.78, 355.87];102.84;[8, 7, 11, 6, 6, 10, 10, 8, 7, 7];5
10;80;10;5;True;2000;1;0;0;0;0;0;0;691.5869965553284;2.5093469619750977;139853.49633216727;131384.01930379868;4979.017262994252;3490.4299999999994;[314.36, 309.12, 370.68, 370.68, 342.85, 300.02, 370.68, 370.68, 370.68, 370.68];70.66000000000003;[5, 9, 11, 9, 7, 7, 6, 9, 9, 8];6
10;80;10;6;True;2000;1;0;0;0;0;0;0;669.2671761512756;2.4832239151000977;144589.0001304227;136551.93985700607;4736.319234445453;3300.74;[344.87, 344.87, 343.87, 345.87, 344.87, 296.32, 343.87, 246.46, 344.87, 344.87];99.41;[5, 6, 6, 11, 7, 9, 9, 8, 8, 11];6
10;90;10;1;True;2000;1;0;0;0;0;0;0;2345.2156410217285;0.3219492435455322;8271.633469338032;7556.035425662994;382.9829439816668;332.59999999999997;[33.26, 33.26, 33.26, 33.26, 33.26, 33.26, 33.26, 33.26, 33.26, 33.26];0.0;[1, 1, 2, 1];1
10;90;10;2;True;2000;1;0;0;0;0;0;0;788.0536007881165;3.098039388656616;171983.55621308187;162497.82557487488;5623.860295368649;3861.85;[385.11, 349.99, 393.83, 393.83, 369.94, 393.83, 393.83, 393.83, 393.83, 393.83];43.839999999999975;[7, 6, 8, 11, 8, 13, 11, 7, 10, 9];7
10;90;10;3;True;2000;1;0;0;0;0;0;0;939.8018083572388;3.275233745574951;179730.14885656568;170195.74328041077;5301.878558269853;4232.5599999999995;[353.01, 419.04, 450.44, 350.16, 434.04, 414.04, 405.04, 472.04, 451.04, 483.71];133.54999999999995;[7, 10, 10, 10, 10, 6, 10, 9, 7, 11];5
10;90;10;4;True;2000;1;0;0;0;0;0;0;819.4480175971985;2.982506275177002;184270.2547123289;174687.62976551056;5575.568482264269;4007.0800000000004;[407.77, 395.36, 407.77, 362.1, 399.99, 407.77, 407.77, 407.77, 403.01, 407.77];45.66999999999996;[12, 6, 7, 7, 9, 11, 11, 11, 7, 9];6
10;90;10;5;True;2000;1;0;0;0;0;0;0;788.72358751297;3.1662917137145996;180255.1943182401;170995.54195451736;5537.084031785502;3722.59;[379.72, 375.99, 379.72, 374.64, 342.79, 378.72, 351.85, 379.72, 379.72, 379.72];36.93000000000001;[9, 8, 13, 9, 6, 14, 6, 8, 8, 9];8
10;90;10;6;True;2000;1;0;0;0;0;0;0;800.0361061096191;3.16410756111145;182209.524534663;173252.5948252678;5337.557017704713;3619.39;[334.54, 379.81, 379.81, 279.18, 379.81, 347.65, 379.81, 379.16, 379.81, 379.81];100.63;[5, 7, 13, 8, 9, 7, 12, 7, 9, 13];8
10;100;10;1;True;2000;1;0;0;0;0;0;0;913.537088394165;3.4523956775665283;217121.008630214;207330.15242767334;5704.6648503678125;4086.18;[394.63, 415.31, 414.31, 399.41, 398.97, 415.31, 415.31, 403.31, 415.31, 414.31];20.680000000000007;[11, 11, 8, 7, 13, 10, 7, 11, 7, 15];8
10;100;10;2;True;2000;1;0;0;0;0;0;0;920.61385679245;3.5337090492248535;209080.6614740718;198657.11468219757;6507.860748244571;3915.670000000001;[411.47, 360.97, 356.21, 411.47, 411.47, 411.47, 343.2, 411.47, 411.47, 386.47];68.27000000000004;[10, 9, 8, 11, 13, 13, 8, 10, 8, 10];5
10;100;10;3;True;2000;1;0;0;0;0;0;0;1070.6935958862305;3.7759790420532227;217160.20657646458;206956.85627508163;5844.476399494107;4358.9;[358.78, 415.45, 425.75, 467.25, 493.25, 464.25, 405.45, 493.25, 354.22, 481.25];139.02999999999997;[8, 11, 11, 10, 12, 13, 10, 8, 8, 9];5
10;100;10;4;True;2000;1;0;0;0;0;0;0;914.2068223953247;3.6750524044036865;223171.1409201772;213070.82594347;6225.245920447314;3875.0399999999995;[402.93, 391.93, 343.67, 402.93, 402.93, 356.19, 365.67, 402.93, 402.93, 402.93];59.25999999999999;[13, 9, 11, 8, 9, 11, 9, 11, 8, 11];5
10;100;10;5;True;2000;1;0;0;0;0;0;0;864.3867683410645;3.2167506217956543;207199.62346647168;197240.27107095718;6084.7151640609745;3874.63;[395.47, 395.47, 395.47, 395.47, 353.02, 389.75, 395.47, 363.57, 395.47, 395.47];42.450000000000045;[11, 11, 10, 13, 6, 8, 10, 12, 8, 11];7
10;100;10;6;True;2000;1;0;0;0;0;0;0;865.0315594673157;3.937103509902954;223311.8331556116;213636.90070915222;5923.860464677993;3751.060000000001;[379.8, 379.8, 379.8, 379.8, 357.28, 379.8, 355.38, 379.8, 379.8, 379.8];24.420000000000016;[8, 8, 11, 12, 8, 9, 11, 9, 11, 13];5
20;20;20;1;True;2000;1;0;0;0;0;0;0;116.35069465637207;0.5716898441314697;18429.435540140235;15734.045735359192;1292.2251803230592;1403.1799999999996;[96.82, 65.97, 33.36, 96.82, 96.82, 54.29, 39.3, 96.82, 68.97, 37.02, 15.27, 86.82, 96.82, 45.29, 58.29, 96.82, 27.22, 96.82, 96.82, 96.82];81.55;[2, 1, 1, 3, 2, 1, 1, 2, 1, 2, 2, 2];2
20;20;20;2;True;2000;1;0;0;0;0;0;0;157.06366682052612;0.6268630027770996;18420.31920109148;15559.762469768524;1209.4334911201167;1651.1699999999996;[44.6, 140.28, 93.28, 129.28, 85.28, 138.28, 41.3, 82.28, 31.05, 140.28, 47.82, 104.28, 63.28, 75.28, 89.28, 45.82, 16.66, 84.28, 140.28, 58.28];123.62;[2, 3, 1, 1, 1, 2, 1, 2, 2, 1, 4];3
20;20;20;3;True;2000;1;0;0;0;0;0;0;145.45748472213745;0.6416850090026855;17504.914268904602;14789.239893436432;1131.6041998342755;1584.07;[111.78, 111.78, 76.47, 95.47, 126.52, 25.55, 37.12, 93.47, 128.34, 120.52, 16.3, 51.54, 128.34, 67.47, 29.01, 79.47, 42.91, 70.47, 43.2, 128.34];112.04;[2, 2, 4, 1, 1, 1, 2, 1, 1, 1, 4];3
20;20;20;4;True;2000;1;0;0;0;0;0;0;144.41654920578003;0.6002819538116455;18000.95372674997;15187.979268074036;937.8317717460013;1875.1700000000005;[29.02, 133.15, 49.11, 80.77, 121.15, 82.77, 60.56, 97.15, 73.0, 102.15, 17.96, 81.77, 59.56, 133.15, 130.15, 108.15, 133.15, 133.15, 133.15, 116.15];115.19;[1, 2, 2, 1, 1, 1, 3, 2, 2, 1, 1, 2, 1];2
20;20;20;5;True;2000;1;0;0;0;0;0;0;110.73106670379639;0.5242211818695068;17084.1313502765;14468.343066692352;1120.3144276962323;1495.4600000000005;[75.21, 93.64, 85.62, 84.62, 34.1, 93.64, 93.64, 61.21, 75.21, 66.21, 93.64, 3.0, 64.21, 92.64, 93.64, 93.64, 70.21, 34.1, 93.64, 93.64];90.64;[1, 2, 1, 2, 2, 1, 2, 1, 1, 1, 2, 3, 1];2
20;20;20;6;True;2000;1;0;0;0;0;0;0;128.19800901412964;0.6138949394226074;18235.802840778328;15757.125474452972;982.6484055864714;1496.0300000000002;[76.84, 87.84, 106.14, 106.14, 77.84, 79.84, 92.14, 106.14, 97.14, 32.53, 36.36, 51.84, 106.14, 99.14, 36.36, 25.88, 90.14, 52.84, 45.9, 88.84];80.26;[1, 1, 1, 3, 2, 3, 1, 2, 2, 2, 1, 1];2
20;30;20;1;True;2000;1;0;0;0;0;0;0;157.94588136672974;1.2353286743164062;27521.931746533763;23827.51336956024;1838.451948793959;1856.0000000000007;[114.94, 52.39, 72.94, 114.94, 104.94, 70.94, 96.94, 114.94, 113.94, 69.94, 59.47, 87.94, 114.94, 114.94, 77.94, 114.94, 77.94, 104.94, 65.16, 110.94];62.55;[2, 1, 1, 2, 3, 1, 1, 2, 2, 1, 4, 1, 4, 2, 3];3
20;30;20;2;True;2000;1;0;0;0;0;0;0;210.64442920684814;1.3764595985412598;28654.566287581794;24474.061748981476;1917.1622866189145;2263.380000000001;[107.63, 163.63, 163.63, 145.63, 89.63, 163.63, 118.63, 79.63, 87.63, 150.63, 66.64, 138.63, 88.63, 102.63, 100.63, 76.63, 56.4, 143.63, 128.63, 90.63];107.22999999999999;[2, 3, 2, 3, 1, 3, 1, 1, 1, 3, 2, 1, 1, 1, 2, 2, 1];2
20;30;20;3;True;2000;1;0;0;0;0;0;0;183.24394369125366;1.3329989910125732;26672.596292586542;22907.357244968414;1810.79395955896;1954.4500000000005;[106.9, 127.9, 126.9, 137.44, 111.9, 46.6, 68.9, 138.44, 111.9, 125.9, 37.88, 65.9, 138.44, 83.9, 51.82, 113.9, 87.9, 78.9, 54.59, 138.44];100.56;[1, 3, 1, 5, 3, 1, 1, 2, 1, 1, 2, 1, 1, 1, 1, 2, 3];4
20;30;20;4;True;2000;1;0;0;0;0;0;0;187.32886409759521;1.088524341583252;28811.645880005854;25213.60123682022;1537.0881473171312;2060.9300000000003;[41.69, 139.91, 58.9, 79.91, 141.91, 67.89, 83.91, 110.91, 68.89, 117.91, 47.91, 101.91, 83.91, 121.91, 148.91, 136.91, 138.91, 148.91, 144.91, 74.91];107.22;[2, 3, 3, 1, 1, 1, 4, 2, 3, 3, 2, 3, 2];3
20;30;20;5;True;2000;1;0;0;0;0;0;0;153.4243483543396;1.3343493938446045;27326.716459857013;23607.297379016876;1618.860048843764;2100.5699999999997;[119.52, 119.52, 98.52, 119.52, 62.07, 119.52, 119.52, 79.65, 102.52, 84.61, 119.52, 60.74, 89.61, 119.52, 119.52, 119.52, 119.52, 111.52, 119.52, 96.61];58.779999999999994;[4, 2, 1, 2, 1, 2, 2, 4, 2, 2, 2, 1, 2, 3];3
20;30;20;6;True;2000;1;0;0;0;0;0;0;161.8361611366272;1.396538257598877;28517.06294289278;25147.8976354599;1485.9493130277815;1883.1499999999994;[94.58, 118.58, 118.58, 118.58, 101.58, 118.58, 97.58, 118.58, 118.58, 64.58, 57.61, 76.58, 115.58, 89.58, 63.58, 51.1, 118.58, 66.58, 77.58, 96.58];67.47999999999999;[1, 1, 2, 3, 4, 2, 1, 1, 2, 1, 2, 1, 2, 2, 3, 2];3
20;40;20;1;True;2000;1;0;0;0;0;0;0;214.72571182250977;2.1636531352996826;41060.22678071121;36270.469482421875;2394.1355191864536;2395.580000000001;[145.65, 76.0, 98.87, 145.65, 137.65, 118.65, 145.65, 121.65, 144.65, 91.65, 81.2, 92.89, 145.65, 117.65, 96.87, 145.65, 107.65, 115.65, 145.65, 120.65];69.65;[3, 2, 2, 2, 2, 3, 3, 3, 2, 1, 1, 5, 2, 1, 2, 3, 3];4
20;40;20;2;True;2000;1;0;0;0;0;0;0;260.1735544204712;2.1183207035064697;41307.297521909284;36294.74097776413;2580.2520771174263;2432.3399999999997;[118.56, 119.56, 164.56, 112.56, 105.73, 177.56, 102.73, 94.73, 83.22, 172.56, 89.73, 144.56, 83.22, 133.56, 98.73, 103.73, 69.36, 170.56, 174.56, 112.56];108.2;[2, 3, 2, 3, 1, 5, 2, 1, 2, 3, 4, 2, 2, 1, 4, 2, 1];4
20;40;20;3;True;2000;1;0;0;0;0;0;0;165.71939039230347;1.8744175434112549;36110.03771928416;31840.885202407837;2282.195493462906;1986.99;[111.79, 111.79, 111.79, 111.79, 110.75, 70.36, 76.29, 111.79, 111.79, 111.79, 55.05, 89.88, 111.79, 101.16, 101.16, 111.79, 70.36, 111.79, 82.29, 111.79];56.74000000000001;[1, 2, 1, 4, 3, 1, 3, 2, 2, 2, 1, 2, 1, 2, 1, 4, 1, 2, 2, 3];3
20;40;20;4;True;2000;1;0;0;0;0;0;0;269.1874499320984;2.2940540313720703;42464.63293099278;37559.04092121124;2238.708475489823;2666.8999999999996;[81.56, 167.97, 95.97, 140.97, 114.97, 141.97, 101.97, 124.97, 110.97, 159.97, 76.32, 169.97, 117.97, 137.97, 164.97, 174.97, 145.97, 184.97, 156.97, 95.53];108.65;[2, 4, 1, 1, 2, 1, 1, 1, 1, 1, 4, 1, 1, 2, 4, 3, 5, 3, 2];4
20;40;20;5;True;2000;1;0;0;0;0;0;0;189.22173643112183;2.144078254699707;37900.83440664899;33201.428191185;2399.9956576721092;2299.4600000000005;[109.41, 132.41, 132.41, 118.41, 74.56, 132.41, 132.41, 92.23, 132.41, 106.41, 132.41, 81.04, 92.23, 132.41, 128.41, 132.41, 108.41, 98.41, 132.41, 98.25];57.849999999999994;[5, 4, 1, 2, 2, 3, 1, 2, 3, 1, 2, 3, 5, 1, 3, 2];4
20;40;20;6;True;2000;1;0;0;0;0;0;0;195.4333987236023;1.8253304958343506;40276.493920698034;35865.3335647583;2273.7881167134356;2137.4500000000003;[125.9, 133.9, 131.9, 133.9, 109.9, 133.9, 112.9, 133.9, 133.9, 68.53, 78.63, 80.9, 133.9, 112.9, 74.63, 66.53, 99.9, 78.63, 91.9, 100.9];67.37;[2, 1, 1, 4, 4, 1, 4, 4, 2, 3, 4, 1, 2, 3, 2, 2];3
20;50;20;1;True;2000;1;0;0;0;0;0;0;197.38748121261597;2.734105348587036;51954.27958841303;46874.16297054291;2832.410797584927;2247.66;[119.04, 87.57, 113.04, 119.04, 119.04, 116.04, 100.33, 119.04, 119.04, 108.04, 82.69, 119.04, 119.04, 119.04, 107.04, 119.04, 104.43, 119.04, 119.04, 119.04];36.35000000000001;[5, 1, 3, 3, 4, 1, 2, 3, 3, 2, 1, 2, 5, 1, 1, 2, 1, 3, 4, 3];4
20;50;20;2;True;2000;1;0;0;0;0;0;0;313.2858295440674;2.938216209411621;54012.98757873557;47965.54030799866;3179.1373679828794;2868.34;[116.33, 196.96, 205.96, 174.96, 144.96, 193.96, 119.96, 112.21, 108.21, 151.96, 90.91, 174.96, 113.21, 151.96, 148.96, 104.71, 90.91, 171.96, 178.96, 116.33];115.05000000000001;[2, 4, 5, 4, 3, 3, 3, 1, 1, 1, 3, 4, 2, 2, 3, 1, 4, 3, 1];4
20;50;20;3;True;2000;1;0;0;0;0;0;0;225.54147338867188;3.3681600093841553;51139.05532564408;45800.46543884277;2847.331478452672;2491.29;[134.76, 134.76, 134.76, 134.76, 134.76, 82.56, 103.7, 134.76, 134.76, 134.76, 100.81, 122.06, 134.76, 129.06, 112.49, 134.76, 121.06, 132.49, 104.7, 134.76];52.19999999999999;[3, 3, 1, 5, 3, 1, 3, 2, 4, 4, 1, 1, 2, 1, 2, 3, 1, 3, 3, 4];4
20;50;20;4;True;2000;1;0;0;0;0;0;0;318.40163230895996;3.1563634872436523;56052.201149018074;50307.455937862396;2770.1226098470015;2974.7000000000003;[93.75, 198.57, 132.57, 160.57, 171.57, 129.57, 179.57, 136.57, 118.57, 181.57, 90.75, 143.57, 112.22, 192.57, 148.57, 150.57, 139.57, 204.57, 175.57, 113.86];113.82;[2, 4, 2, 2, 2, 4, 1, 4, 1, 1, 1, 4, 5, 5, 2, 5, 2, 3];4
20;50;20;5;True;2000;1;0;0;0;0;0;0;268.65371465682983;3.0454764366149902;51764.00201819014;46031.162234306335;3045.986394681229;2686.809999999999;[105.64, 128.64, 143.64, 121.64, 83.5, 134.64, 171.64, 98.08, 144.64, 131.64, 171.64, 99.35, 110.64, 171.64, 153.64, 160.64, 104.64, 107.64, 171.64, 171.64];88.13999999999999;[3, 4, 4, 3, 2, 3, 2, 4, 4, 1, 5, 3, 4, 2, 1, 3, 2];4
20;50;20;6;True;2000;1;0;0;0;0;0;0;291.94939041137695;3.1504101753234863;55067.36584355634;49556.08796596527;2759.93057298529;2751.3800000000006;[140.13, 186.13, 172.13, 181.13, 119.13, 178.13, 163.13, 185.13, 153.13, 94.18, 110.13, 110.13, 186.13, 117.13, 85.87, 91.87, 114.13, 99.38, 116.13, 148.13];100.25999999999999;[2, 2, 4, 6, 6, 6, 1, 2, 2, 2, 3, 1, 5, 1, 2, 3, 1, 1];5
20;60;20;1;True;2000;1;0;0;0;0;0;0;311.2848172187805;4.740568399429321;70996.01650894963;64295.93229055405;3527.4088630716114;3172.6099999999997;[179.24, 115.09, 137.24, 179.24, 179.24, 178.24, 142.24, 179.24, 179.24, 137.24, 124.88, 156.24, 179.24, 171.24, 144.24, 179.24, 131.56, 142.24, 179.24, 158.24];64.15;[3, 1, 4, 5, 3, 5, 2, 7, 4, 3, 1, 1, 6, 1, 1, 3, 1, 1, 5, 3];6
20;60;20;2;True;2000;1;0;0;0;0;0;0;358.85622930526733;4.35232400894165;68447.13800867563;61636.61196517944;3726.080600223841;3084.48;[134.12, 207.11, 177.11, 171.05, 159.05, 181.11, 132.2, 115.2, 132.2, 192.11, 120.2, 212.11, 112.2, 138.11, 184.11, 127.2, 104.93, 127.2, 183.11, 174.05];107.18;[1, 6, 2, 3, 3, 5, 3, 1, 3, 4, 6, 2, 2, 5, 3, 2, 4, 2, 3];5
20;60;20;3;True;2000;1;0;0;0;0;0;0;302.07853412628174;4.8596131801605225;67460.2289155023;60963.31883621216;3507.6400124909433;2989.250000000001;[169.75, 169.75, 166.63, 169.75, 169.75, 94.23, 113.68, 169.75, 153.63, 169.75, 115.2, 141.53, 169.75, 135.53, 129.53, 169.75, 149.63, 137.53, 124.38, 169.75];75.52;[2, 4, 3, 6, 4, 2, 3, 2, 1, 8, 2, 2, 2, 3, 1, 3, 1, 3, 3, 5];7
20;60;20;4;True;2000;1;0;0;0;0;0;0;340.72859382629395;4.492103099822998;73121.68721318404;66443.14614105225;3483.4811293327034;3195.0499999999993;[117.65, 191.95, 120.3, 153.95, 162.95, 155.95, 146.95, 155.95, 132.88, 191.95, 100.4, 135.26, 134.26, 191.95, 191.95, 185.95, 191.95, 191.95, 191.95, 148.95];91.54999999999998;[4, 6, 4, 3, 2, 2, 2, 3, 5, 2, 1, 4, 4, 4, 1, 4, 4, 5];5
20;60;20;5;True;2000;1;0;0;0;0;0;0;361.61043787002563;3.8962557315826416;67172.89358815466;60406.52065086365;3653.4263628565527;3112.8899999999994;[120.0, 178.29, 177.29, 166.29, 105.54, 167.29, 195.29, 121.8, 205.29, 149.29, 221.29, 109.38, 120.0, 146.29, 181.29, 176.29, 127.6, 120.8, 184.29, 139.29];115.74999999999999;[2, 5, 6, 3, 1, 1, 4, 2, 6, 2, 5, 2, 1, 3, 3, 4, 3, 2, 4, 1];5
20;60;20;6;True;2000;1;0;0;0;0;0;0;364.63091230392456;5.131272077560425;77464.07776120998;70712.81646156311;3362.055633598097;3389.16;[154.06, 169.06, 212.06, 205.06, 165.06, 204.06, 212.06, 212.06, 212.06, 120.45, 126.05, 127.05, 212.06, 159.06, 146.09, 135.11, 172.06, 121.54, 145.09, 179.06];91.61;[2, 2, 5, 6, 2, 5, 4, 2, 6, 2, 1, 1, 5, 3, 4, 4, 3, 1, 2];5
20;70;20;1;True;2000;1;0;0;0;0;0;0;372.23967027664185;6.898565053939819;94274.50458865192;86566.02869558334;4150.332126623741;3558.1400000000012;[190.59, 138.8, 148.92, 190.59, 190.59, 170.9, 169.9, 190.59, 190.59, 144.84, 190.59, 163.08, 190.59, 190.59, 190.59, 190.59, 144.03, 190.59, 190.59, 190.59];51.78999999999999;[5, 2, 3, 7, 4, 3, 2, 6, 4, 2, 2, 3, 6, 1, 2, 2, 2, 4, 5, 5];6
20;70;20;2;True;2000;1;0;0;0;0;0;0;371.94031286239624;5.538809299468994;85095.90017099935;77651.59686231613;4164.20535671917;3280.0799999999995;[149.22, 200.22, 200.22, 174.22, 165.22, 200.22, 135.15, 137.15, 124.19, 200.22, 139.13, 200.22, 133.17, 162.22, 184.22, 155.22, 113.3, 140.13, 200.22, 166.22];86.92;[2, 7, 1, 5, 3, 5, 3, 1, 1, 5, 5, 6, 2, 5, 6, 1, 2, 3, 3, 4];6
20;70;20;3;True;2000;1;0;0;0;0;0;0;397.8062481880188;6.409193992614746;84721.19185993483;77219.20448255539;4012.3490804557478;3489.560000000001;[209.59, 209.59, 167.59, 209.59, 208.59, 113.03, 124.79, 195.59, 171.59, 209.59, 132.71, 142.59, 209.59, 162.59, 155.59, 167.59, 147.59, 188.59, 153.59, 209.59];96.56;[6, 6, 2, 5, 4, 2, 3, 2, 5, 3, 4, 2, 4, 3, 2, 2, 3, 3, 4, 5];4
20;70;20;4;True;2000;1;0;0;0;0;0;0;353.04630422592163;5.802225351333618;91952.48846887311;84316.02496528625;4371.881891456804;3264.6200000000017;[122.4, 177.28, 130.24, 173.78, 147.13, 165.78, 177.28, 177.28, 149.13, 176.91, 120.45, 163.78, 142.22, 177.28, 177.28, 177.28, 177.28, 177.28, 177.28, 177.28];56.83;[3, 6, 5, 4, 1, 3, 3, 4, 3, 2, 2, 2, 1, 3, 4, 5, 5, 4, 5, 5];5
20;70;20;5;True;2000;1;0;0;0;0;0;0;334.50531339645386;6.735411167144775;91392.14648302938;83868.59617328644;4278.909388538191;3244.6000000000013;[158.86, 169.78, 159.81, 169.78, 120.68, 169.78, 169.78, 143.38, 152.92, 169.78, 169.78, 152.92, 157.86, 169.78, 169.78, 169.78, 160.81, 169.78, 169.78, 169.78];49.099999999999994;[2, 5, 6, 4, 3, 2, 5, 3, 2, 5, 3, 1, 4, 3, 5, 4, 3, 1, 5, 4];5
20;70;20;6;True;2000;1;0;0;0;0;0;0;412.0274968147278;6.763412952423096;95549.36240780777;87914.60325860977;4123.067500560944;3511.599999999999;[192.39, 213.39, 187.39, 213.39, 204.39, 213.39, 158.39, 210.39, 213.39, 124.39, 143.39, 144.39, 213.39, 147.39, 141.39, 142.39, 176.39, 130.19, 157.39, 184.39];88.99999999999999;[3, 3, 6, 6, 3, 6, 4, 4, 5, 2, 2, 1, 5, 3, 4, 3, 3, 4, 3];5
20;80;20;1;True;2000;1;0;0;0;0;0;0;386.5320658683777;7.603532314300537;109548.04996902385;101333.53851270676;4630.734400171434;3583.73;[185.98, 145.27, 174.2, 185.98, 185.98, 185.98, 185.98, 185.98, 185.98, 163.2, 162.2, 185.98, 185.98, 185.98, 185.98, 185.98, 149.16, 185.98, 185.98, 185.98];40.70999999999998;[5, 2, 6, 7, 5, 4, 3, 4, 4, 3, 1, 2, 6, 2, 2, 4, 2, 5, 6, 7];6
20;80;20;2;True;2000;1;0;0;0;0;0;0;437.14726209640503;7.75624680519104;109638.5988561697;101074.00329399109;4891.080210562331;3673.47;[193.77, 178.77, 210.77, 210.77, 171.78, 210.77, 161.46, 146.19, 159.71, 210.77, 181.77, 210.77, 152.47, 203.77, 192.77, 150.48, 140.37, 187.77, 210.77, 187.77];70.4;[3, 7, 4, 4, 5, 4, 3, 3, 1, 4, 4, 7, 4, 4, 3, 5, 2, 4, 4, 5];6
20;80;20;3;True;2000;1;0;0;0;0;0;0;525.1630344390869;8.257088661193848;108732.63681775147;100394.64138889313;4729.839142100752;3608.1;[213.18, 244.18, 203.18, 204.18, 191.18, 137.39, 157.78, 190.18, 161.78, 207.18, 123.1, 151.78, 244.18, 155.78, 132.34, 187.18, 165.78, 189.18, 144.39, 204.18];121.08000000000001;[5, 7, 3, 4, 5, 2, 3, 2, 4, 4, 2, 4, 5, 3, 2, 5, 4, 5, 5, 6];5
20;80;20;4;True;2000;1;0;0;0;0;0;0;348.26500272750854;6.928377866744995;108607.42021429187;100363.2425160408;5098.940622918712;3145.21;[141.14, 160.02, 160.02, 160.02, 160.02, 160.02, 160.02, 160.02, 160.02, 160.02, 136.14, 160.02, 147.59, 160.02, 160.02, 160.02, 160.02, 160.02, 160.02, 160.02];23.880000000000024;[4, 5, 4, 2, 6, 4, 4, 3, 4, 3, 2, 4, 5, 7, 3, 5, 2, 3, 6, 4];5
20;80;20;5;True;2000;1;0;0;0;0;0;0;395.555233001709;8.524726152420044;113319.95124252545;104997.84898853302;4847.347854597572;3474.7400000000002;[182.34, 182.34, 182.34, 182.34, 153.03, 182.34, 182.34, 147.31, 182.34, 181.34, 182.34, 150.57, 154.69, 182.34, 182.34, 182.34, 162.7, 167.7, 182.34, 169.32];35.03;[4, 4, 7, 5, 5, 3, 4, 1, 4, 4, 5, 3, 3, 3, 4, 6, 4, 2, 7, 2];6
20;80;20;6;True;2000;1;0;0;0;0;0;0;425.26549911499023;8.252555847167969;116783.73437619122;108644.67460536957;4663.061945633129;3476.0199999999995;[188.04, 188.04, 188.04, 188.04, 188.04, 169.04, 188.04, 188.04, 188.04, 140.01, 150.04, 151.04, 188.04, 181.04, 120.32, 166.04, 188.04, 144.01, 186.04, 188.04];67.72;[6, 3, 3, 6, 5, 6, 6, 4, 6, 2, 3, 5, 4, 5, 4, 4, 1, 3, 4];5
20;90;20;1;True;2000;1;0;0;0;0;0;0;527.9250521659851;9.233582258224487;136471.41817826626;127062.46054267883;5121.753376271298;4287.239999999999;[234.83, 167.7, 189.61, 234.83, 234.83, 207.83, 197.22, 234.83, 208.83, 179.58, 234.83, 234.83, 234.83, 234.83, 234.83, 222.83, 193.29, 195.22, 200.83, 210.83];67.13000000000002;[7, 4, 6, 7, 5, 6, 2, 6, 4, 2, 3, 4, 3, 5, 1, 5, 2, 6, 7, 5];6
20;90;20;2;True;2000;1;0;0;0;0;0;0;487.4024615287781;8.524726629257202;129609.23075453762;120261.06925106049;5705.510499015005;3642.570000000001;[195.63, 202.63, 207.63, 207.63, 182.63, 207.63, 169.63, 155.63, 142.75, 207.63, 148.67, 207.63, 154.63, 198.63, 181.63, 173.63, 151.63, 199.63, 181.63, 165.44];64.88;[5, 7, 3, 4, 6, 5, 4, 3, 1, 5, 4, 7, 5, 5, 5, 2, 4, 7, 5, 3];6
20;90;20;3;True;2000;1;0;0;0;0;0;0;431.5451717376709;8.981050491333008;125552.18275417949;116560.47911977768;5401.578724267328;3590.11;[188.56, 188.56, 188.56, 188.56, 188.56, 147.16, 156.86, 188.56, 185.56, 188.56, 126.57, 188.56, 188.56, 188.56, 164.86, 188.56, 188.56, 188.56, 169.26, 188.56];61.99000000000001;[4, 6, 4, 7, 4, 2, 7, 5, 3, 6, 4, 5, 4, 4, 2, 4, 3, 6, 5, 5];5
20;90;20;4;True;2000;1;0;0;0;0;0;0;474.34091329574585;8.229269027709961;133133.5408721148;123907.84487581253;5588.871873625794;3636.8499999999995;[144.46, 196.04, 180.04, 196.04, 196.04, 196.04, 163.04, 168.04, 178.04, 196.04, 157.02, 196.04, 159.04, 196.04, 170.04, 196.04, 196.04, 196.04, 196.04, 160.69];51.579999999999984;[4, 7, 3, 3, 6, 4, 5, 6, 3, 3, 3, 2, 4, 6, 4, 6, 4, 5, 6, 6];5
20;90;20;5;True;2000;1;0;0;0;0;0;0;422.34134244918823;9.298022270202637;132842.83931626572;124122.12633037567;5314.623697319323;3406.129999999999;[162.87, 175.87, 175.87, 175.87, 147.72, 175.87, 175.87, 156.71, 175.87, 175.87, 175.87, 158.98, 172.87, 175.87, 175.87, 175.87, 164.87, 155.8, 175.87, 175.87];28.150000000000006;[3, 6, 6, 6, 3, 3, 6, 2, 4, 5, 5, 4, 3, 4, 6, 6, 3, 2, 9, 4];7
20;90;20;6;True;2000;1;0;0;0;0;0;0;452.1874132156372;9.736715316772461;137333.50578956743;128574.36103773117;5187.782349197517;3571.38;[186.27, 186.27, 186.27, 186.27, 142.76, 186.27, 186.27, 186.27, 186.27, 174.27, 166.45, 185.27, 186.27, 186.27, 146.58, 184.27, 186.27, 177.27, 173.27, 172.27];43.51000000000002;[2, 4, 5, 7, 6, 7, 6, 2, 4, 3, 4, 1, 6, 3, 5, 5, 7, 2, 4, 7];6
20;100;20;1;True;2000;1;0;0;0;0;0;0;512.775465965271;11.058452844619751;161464.37421053532;151847.9857225418;5678.107152217141;3938.2299999999987;[152.08, 197.13, 201.2, 201.2, 201.2, 201.2, 192.23, 201.2, 201.2, 177.59, 201.2, 201.2, 201.2, 201.2, 201.2, 201.2, 201.2, 201.2, 201.2, 201.2];49.119999999999976;[6, 3, 5, 8, 5, 2, 4, 9, 7, 3, 2, 5, 5, 6, 2, 5, 3, 8, 8, 4];7
20;100;20;2;True;2000;1;0;0;0;0;0;0;587.3899035453796;10.824138879776001;162456.42508826268;151841.6634631157;6570.737981869609;4044.0900000000006;[220.19, 219.19, 231.19, 231.19, 201.19, 231.19, 196.19, 189.19, 155.59, 231.19, 172.3, 231.19, 174.22, 209.19, 231.19, 175.15, 153.65, 231.19, 159.52, 200.19];77.53999999999999;[4, 7, 5, 4, 6, 6, 4, 4, 1, 6, 3, 7, 5, 5, 6, 6, 4, 8, 4, 5];7
20;100;20;3;True;2000;1;0;0;0;0;0;0;531.6890473365784;10.886229991912842;153128.18220543882;143357.76506900787;5860.730583927099;3909.6400000000012;[210.84, 210.84, 210.84, 210.84, 210.84, 136.2, 168.84, 187.84, 210.84, 210.84, 157.36, 210.84, 210.84, 166.8, 188.84, 205.84, 207.84, 208.84, 172.84, 210.84];74.64000000000001;[6, 6, 3, 6, 4, 3, 7, 4, 4, 6, 3, 8, 5, 5, 3, 6, 3, 7, 5, 6];5
20;100;20;4;True;2000;1;0;0;0;0;0;0;536.1836724281311;10.74199891090393;158923.00513810114;148687.46928691864;6177.54662495696;4057.9900000000016;[186.11, 208.11, 187.11, 211.11, 214.11, 214.11, 172.0, 204.11, 201.11, 214.11, 189.11, 214.11, 188.11, 197.11, 214.11, 209.11, 214.11, 214.11, 214.11, 192.01];42.110000000000014;[4, 7, 4, 5, 2, 5, 5, 7, 4, 2, 3, 7, 5, 6, 6, 6, 3, 5, 8, 6];6
20;100;20;5;True;2000;1;0;0;0;0;0;0;539.6060681343079;10.851675271987915;162886.84851204025;153396.9900584221;5934.459637168417;3555.32;[180.0, 196.0, 196.0, 196.0, 146.32, 196.0, 177.0, 159.19, 174.0, 187.0, 196.0, 64.85, 175.0, 168.96, 196.0, 196.0, 187.0, 172.0, 196.0, 196.0];131.15;[3, 6, 8, 5, 4, 5, 6, 2, 2, 8, 6, 7, 5, 7, 7, 3, 4, 7, 5];6
20;100;20;6;True;2000;1;0;0;0;0;0;0;561.6452069282532;10.57340121269226;161081.12862518514;151274.3603682518;5765.329706362778;4041.3999999999996;[225.79, 225.79, 218.79, 225.79, 225.79, 193.79, 199.79, 225.79, 225.79, 149.39, 178.79, 195.79, 225.79, 216.79, 210.79, 178.79, 172.79, 164.79, 180.79, 199.79];76.4;[3, 5, 6, 8, 7, 8, 4, 4, 7, 2, 4, 2, 6, 4, 6, 6, 7, 3, 4, 4];6
30;30;30;1;True;2000;1;0;0;0;0;0;0;150.18806219100952;2.342480182647705;27179.45632288557;23537.487231731415;1798.6143652893127;1843.2899999999997;[86.77, 19.38, 34.09, 86.77, 86.77, 36.32, 50.45, 86.77, 47.45, 29.48, 12.08, 85.77, 77.77, 86.77, 59.77, 86.77, 35.09, 64.77, 86.77, 86.77, 77.77, 4.1, 75.77, 77.77, 86.77, 63.77, 28.08, 43.48, 84.77, 54.43];82.67;[3, 1, 1, 4, 1, 2, 1, 1, 1, 1, 2, 4, 2, 1, 3, 1, 1];3
30;30;30;2;True;2000;1;0;0;0;0;0;0;212.87838697433472;2.4119179248809814;27538.130863796494;23547.06453895569;1920.7897731438259;2070.37;[77.99, 84.99, 90.99, 57.99, 44.99, 145.99, 56.99, 28.99, 21.99, 77.99, 44.99, 130.99, 51.99, 64.99, 66.99, 35.99, 13.75, 91.99, 145.99, 25.99, 130.99, 75.99, 68.99, 95.99, 112.99, 65.99, 50.99, 50.99, 33.99, 20.9];132.24;[2, 4, 2, 2, 2, 1, 2, 2, 2, 2, 2, 2, 2, 2, 1];3
30;30;30;3;True;2000;1;0;0;0;0;0;0;200.3831992149353;2.590684413909912;26941.769628808965;23126.42664527893;1849.3946750824257;1965.8899999999999;[71.38, 80.38, 78.38, 89.38, 90.38, 18.39, 24.1, 61.38, 77.38, 100.38, 13.36, 51.34, 131.38, 99.38, 40.34, 60.38, 45.34, 49.34, 35.58, 103.38, 31.68, 87.38, 111.38, 28.67, 42.34, 45.34, 131.38, 27.65, 51.34, 87.38];118.02;[1, 1, 2, 1, 1, 3, 2, 2, 2, 1, 1, 1, 1, 3, 1, 5, 2];4
30;30;30;4;True;2000;1;0;0;0;0;0;0;204.34652185440063;2.6567928791046143;29500.33859938241;25726.79160261154;1602.6422129010223;2171.0099999999998;[30.22, 132.6, 31.22, 61.6, 96.6, 132.6, 127.6, 53.42, 30.22, 90.6, 20.66, 74.6, 32.22, 106.6, 80.6, 132.6, 70.6, 74.6, 58.6, 132.6, 114.6, 16.35, 72.6, 55.42, 46.42, 46.42, 78.6, 30.22, 84.6, 55.42];116.25;[1, 3, 2, 2, 1, 1, 1, 1, 2, 2, 3, 2, 1, 2, 3, 2, 1];2
30;30;30;5;True;2000;1;0;0;0;0;0;0;176.70973873138428;2.675427198410034;28023.31922216481;24396.514071941376;1636.6743502534634;1990.1600000000003;[52.08, 99.7, 56.08, 102.51, 16.37, 110.51, 80.6, 32.47, 70.6, 35.4, 82.6, 3.0, 45.23, 78.6, 44.23, 110.51, 41.31, 23.82, 94.48, 66.6, 93.48, 96.9, 110.51, 38.43, 4.0, 110.51, 19.46, 49.15, 110.51, 110.51];107.51;[1, 2, 1, 2, 1, 1, 1, 2, 1, 1, 2, 2, 1, 1, 1, 3, 3, 4];3
30;30;30;6;True;2000;1;0;0;0;0;0;0;175.94091844558716;2.5037782192230225;27797.986962204202;24356.53815460205;1515.7642554001204;1925.7700000000004;[77.71, 49.71, 98.71, 89.71, 64.71, 88.71, 112.71, 90.71, 82.71, 21.54, 26.37, 41.71, 112.71, 45.71, 76.71, 14.23, 112.71, 32.71, 62.71, 74.71, 37.71, 83.71, 72.71, 26.84, 105.71, 51.71, 76.71, 34.71, 29.71, 29.04];98.47999999999999;[1, 2, 1, 1, 1, 1, 1, 3, 2, 1, 1, 4, 1, 1, 1, 2, 2, 2, 2];3
30;40;30;1;True;2000;1;0;0;0;0;0;0;194.41548204421997;4.3304123878479;38561.34423595686;33816.15131187439;2330.7936536080997;2414.499999999999;[115.49, 35.95, 52.61, 115.49, 115.49, 58.49, 70.49, 115.49, 71.49, 45.6, 49.59, 102.49, 111.49, 76.49, 79.49, 115.49, 37.3, 54.83, 94.49, 89.49, 94.49, 32.1, 113.49, 65.49, 115.49, 91.49, 51.74, 94.49, 69.49, 78.49];83.38999999999999;[3, 1, 2, 3, 2, 4, 1, 2, 2, 1, 1, 2, 1, 2, 2, 4, 1, 1, 2, 1, 1, 1];3
30;40;30;2;True;2000;1;0;0;0;0;0;0;224.04571676254272;4.376937389373779;39742.57465514207;34443.81766605377;2612.089379893819;2686.5499999999997;[75.27, 138.27, 138.27, 90.27, 71.27, 136.27, 103.27, 54.37, 65.27, 138.27, 53.26, 138.27, 57.27, 101.27, 106.27, 91.27, 29.95, 75.27, 120.27, 43.35, 122.27, 92.27, 82.27, 124.27, 88.27, 89.27, 75.27, 70.27, 59.27, 55.87];108.32000000000001;[1, 4, 1, 2, 1, 2, 1, 2, 1, 3, 2, 2, 1, 2, 3, 2, 1, 5, 3, 1];4
30;40;30;3;True;2000;1;0;0;0;0;0;0;205.96412563323975;3.5552523136138916;36158.00020744369;31616.92997121811;2333.1277504084997;2207.97;[79.02, 65.3, 83.02, 97.02, 104.02, 47.3, 32.52, 85.02, 85.02, 97.02, 29.45, 60.3, 119.02, 105.02, 38.3, 75.3, 46.3, 86.02, 37.3, 103.02, 52.3, 84.02, 119.02, 41.3, 87.02, 70.3, 119.02, 25.1, 58.3, 76.3];93.91999999999999;[1, 1, 2, 3, 2, 1, 2, 3, 4, 2, 2, 1, 2, 1, 1, 3, 2, 1, 3, 3];3
30;40;30;4;True;2000;1;0;0;0;0;0;0;221.99515390396118;4.307061433792114;39066.68340207724;34189.025158405304;2225.696001411938;2651.9599999999996;[59.68, 130.27, 59.68, 96.27, 107.27, 106.27, 105.27, 75.27, 56.68, 115.27, 41.2, 119.27, 45.35, 92.27, 130.27, 130.27, 76.27, 97.27, 89.27, 67.27, 130.27, 35.96, 117.27, 92.27, 81.27, 70.27, 110.27, 55.79, 91.27, 66.68];94.31;[1, 3, 2, 1, 1, 2, 1, 1, 1, 2, 3, 5, 2, 1, 1, 3, 2, 1, 1, 1, 3, 1, 1];4
30;40;30;5;True;2000;1;0;0;0;0;0;0;175.25992822647095;3.9313125610351562;35651.83417906061;30796.054681777954;2385.932214739824;2469.84;[77.33, 106.15, 69.33, 109.15, 43.0, 109.15, 87.33, 60.93, 93.18, 54.05, 109.15, 3.0, 54.05, 102.15, 89.33, 109.15, 56.97, 43.0, 109.15, 104.15, 105.15, 109.15, 109.15, 70.33, 37.17, 109.15, 45.41, 76.33, 109.15, 109.15];106.15;[1, 1, 1, 1, 2, 1, 1, 2, 2, 2, 3, 2, 1, 3, 1, 2, 1, 2, 1, 2, 1, 2, 5];4
30;40;30;6;True;2000;1;0;0;0;0;0;0;242.95591592788696;4.404425144195557;40591.10694459094;36001.143750190735;2235.8959087309263;2354.010000000001;[88.19, 64.19, 102.19, 77.19, 80.19, 109.19, 86.19, 126.19, 97.19, 40.19, 53.19, 55.19, 136.19, 73.19, 85.19, 32.19, 144.19, 52.19, 63.19, 131.19, 62.19, 71.19, 73.19, 37.19, 104.19, 88.19, 96.19, 45.19, 31.5, 48.19];112.69;[1, 1, 3, 5, 2, 3, 1, 3, 4, 1, 1, 3, 2, 1, 3, 1, 2, 3];4
30;50;30;1;True;2000;1;0;0;0;0;0;0;243.33754205703735;6.420551538467407;52322.4109595691;46719.960062503815;2806.14404849343;2796.309999999999;[116.81, 63.3, 60.37, 123.81, 123.81, 67.55, 72.81, 123.81, 80.81, 61.3, 51.94, 108.81, 118.81, 81.81, 98.81, 123.81, 51.94, 106.81, 121.81, 120.81, 106.81, 42.2, 97.81, 81.81, 123.81, 123.81, 73.81, 66.89, 75.81, 123.81];81.61;[3, 1, 1, 4, 3, 2, 3, 1, 1, 2, 1, 2, 2, 3, 4, 3, 1, 2, 1, 2, 4, 2, 1, 1];3
30;50;30;2;True;2000;1;0;0;0;0;0;0;258.8659873008728;6.99342155456543;52473.29195575178;46128.856216430664;3174.2582630885445;3170.2700000000004;[96.0, 141.0, 141.0, 141.0, 93.0, 141.0, 67.5, 70.92, 75.07, 141.0, 95.0, 141.0, 73.9, 110.0, 75.66, 87.0, 50.91, 141.0, 127.0, 54.02, 141.0, 101.0, 97.0, 136.0, 141.0, 115.0, 84.0, 139.0, 75.66, 77.63];90.09;[1, 4, 2, 3, 2, 1, 3, 1, 2, 1, 1, 1, 1, 1, 2, 2, 1, 2, 2, 3, 4, 4, 2, 2, 1, 1];3
30;50;30;3;True;2000;1;0;0;0;0;0;0;220.47147226333618;6.54925537109375;47916.39480380833;42310.159662246704;2937.029205992246;2669.129999999999;[111.87, 88.87, 91.87, 111.87, 111.87, 68.29, 44.13, 84.87, 102.87, 111.87, 40.94, 78.69, 111.87, 98.87, 62.29, 111.87, 76.69, 111.87, 55.44, 111.87, 74.69, 96.87, 108.87, 68.29, 91.87, 87.87, 111.87, 57.28, 81.87, 100.87];70.93;[1, 1, 3, 2, 1, 1, 1, 2, 1, 1, 1, 2, 4, 1, 2, 3, 3, 4, 2, 2, 2, 4, 1, 1, 4];3
30;50;30;4;True;2000;1;0;0;0;0;0;0;251.07482481002808;7.067649841308594;53148.104630410395;47209.841252326965;2719.6100858930504;3218.760000000001;[81.94, 135.94, 73.39, 122.94, 135.94, 98.94, 135.94, 96.94, 82.94, 130.94, 56.11, 115.94, 65.77, 112.94, 135.94, 135.94, 109.94, 135.94, 116.94, 84.94, 135.94, 53.05, 135.94, 107.94, 113.94, 119.94, 113.94, 77.94, 103.94, 89.94];82.89;[1, 2, 1, 3, 1, 1, 2, 2, 1, 1, 2, 3, 5, 3, 2, 3, 3, 3, 1, 2, 2, 1, 1, 1, 1, 2];4
30;50;30;5;True;2000;1;0;0;0;0;0;0;268.32759189605713;5.757982015609741;48340.59504902265;42254.439400196075;2992.8413952269543;3093.2599999999993;[88.94, 90.94, 110.37, 154.89, 55.55, 145.89, 104.37, 66.95, 104.37, 64.02, 156.89, 3.0, 69.88, 96.94, 85.94, 161.5, 80.67, 55.71, 132.89, 122.37, 115.37, 146.89, 157.89, 81.67, 41.04, 149.89, 58.3, 75.74, 152.89, 161.5];158.5;[1, 1, 2, 2, 2, 1, 1, 1, 1, 2, 3, 2, 1, 3, 3, 1, 1, 2, 1, 3, 1, 2, 1, 4, 3, 5];4
30;50;30;6;True;2000;1;0;0;0;0;0;0;261.85522651672363;7.5830442905426025;55306.271346887785;49516.67028141022;2795.1731457917335;2994.389999999999;[96.45, 80.45, 137.45, 120.45, 91.45, 137.45, 137.45, 137.45, 137.45, 65.1, 76.45, 79.45, 137.45, 106.45, 124.45, 47.95, 137.45, 75.45, 82.45, 89.45, 89.45, 99.45, 102.45, 57.1, 130.45, 113.45, 119.45, 65.1, 52.24, 67.1];89.49999999999999;[2, 1, 4, 3, 2, 4, 2, 3, 2, 4, 3, 2, 1, 1, 4, 1, 1, 2, 1, 1, 2, 2, 2];3
30;60;30;1;True;2000;1;0;0;0;0;0;0;266.20808696746826;8.625891923904419;64779.537087649565;58263.0931391716;3508.107351472139;3008.369999999999;[125.74, 72.37, 72.37, 125.74, 108.74, 79.83, 88.38, 125.74, 87.38, 78.83, 69.21, 125.74, 125.74, 115.74, 105.74, 125.74, 67.41, 125.74, 125.74, 104.74, 112.74, 60.33, 96.74, 125.74, 117.74, 95.74, 76.73, 90.74, 84.83, 90.38];65.41;[4, 1, 3, 3, 4, 1, 2, 5, 1, 1, 3, 4, 1, 3, 2, 3, 2, 1, 4, 1, 2, 2, 3, 2, 1, 1];4
30;60;30;2;True;2000;1;0;0;0;0;0;0;230.31840896606445;8.72258996963501;62768.57401457193;56086.4122710228;3766.5138355711183;2915.6299999999987;[93.97, 109.97, 109.97, 98.97, 95.97, 109.97, 108.97, 77.97, 84.97, 109.97, 82.97, 109.97, 92.97, 109.97, 90.97, 106.97, 52.3, 109.97, 109.97, 65.67, 109.97, 109.97, 93.97, 109.97, 109.97, 109.97, 83.97, 100.97, 79.97, 74.47];57.67;[3, 2, 5, 3, 2, 2, 2, 2, 2, 4, 2, 2, 1, 4, 3, 3, 2, 2, 3, 2, 3, 4, 2];4
30;60;30;3;True;2000;1;0;0;0;0;0;0;327.8672151565552;8.478800773620605;61221.2315948726;54461.099246025085;3548.5109053501255;3211.6299999999997;[105.91, 134.91, 102.91, 159.91, 134.91, 66.72, 57.08, 96.91, 106.91, 126.91, 50.96, 100.91, 169.91, 110.91, 74.96, 128.91, 90.91, 145.91, 67.72, 127.91, 82.33, 113.91, 117.91, 87.91, 81.01, 83.91, 172.91, 60.41, 82.33, 166.91];121.94999999999999;[2, 1, 1, 3, 2, 1, 2, 2, 1, 4, 2, 3, 4, 2, 4, 1, 2, 4, 2, 2, 2, 2, 2, 4, 1, 1, 3];3
30;60;30;4;True;2000;1;0;0;0;0;0;0;280.52320289611816;9.439545154571533;67421.93553340329;60826.71265125275;3303.6683934980333;3291.6100000000015;[89.55, 113.55, 81.07, 120.55, 134.55, 97.55, 134.55, 113.55, 86.54, 134.55, 66.66, 113.55, 76.43, 116.55, 134.55, 134.55, 127.55, 123.55, 119.55, 90.55, 134.55, 63.17, 134.55, 98.55, 124.55, 98.55, 124.55, 86.54, 114.55, 102.55];71.38000000000001;[1, 1, 1, 2, 3, 1, 2, 2, 2, 3, 2, 1, 1, 4, 5, 5, 3, 2, 4, 2, 1, 1, 2, 1, 2, 3, 3];4
30;60;30;5;True;2000;1;0;0;0;0;0;0;250.87729358673096;7.563387870788574;60472.90017552157;53743.34237575531;3610.1822879293095;3119.3300000000004;[104.73, 128.69, 99.73, 122.73, 66.08, 128.69, 108.73, 90.78, 107.73, 81.53, 128.69, 3.0, 74.84, 128.69, 105.73, 128.69, 115.73, 77.74, 128.69, 116.73, 128.69, 123.73, 128.69, 90.6, 53.97, 128.69, 69.03, 90.6, 128.69, 128.69];125.69;[3, 3, 2, 2, 1, 1, 1, 2, 3, 4, 3, 2, 2, 1, 2, 1, 3, 2, 3, 3, 1, 4, 1, 1, 4, 5];4
30;60;30;6;True;2000;1;0;0;0;0;0;0;308.30802488327026;8.968837261199951;69715.34445958046;63216.74907588959;3257.704744616981;3240.8900000000003;[116.44, 91.44, 150.44, 132.44, 102.44, 150.44, 150.44, 150.44, 140.44, 73.49, 88.44, 87.44, 150.44, 90.44, 130.44, 63.63, 150.44, 72.49, 93.44, 95.44, 85.44, 141.44, 92.44, 67.49, 130.44, 120.44, 102.44, 79.44, 61.74, 78.49];88.69999999999999;[1, 5, 4, 5, 5, 3, 4, 3, 1, 2, 3, 2, 1, 1, 2, 4, 1, 1, 2, 1, 1, 1, 2, 1, 3, 1];4
30;70;30;1;True;2000;1;0;0;0;0;0;0;279.07222414016724;10.066282272338867;78743.15890856371;71109.45168352127;4135.978483800751;3497.7499999999986;[135.6, 93.25, 87.44, 135.6, 125.6, 89.66, 105.6, 130.6, 135.6, 80.75, 74.75, 135.6, 135.6, 99.6, 135.6, 135.6, 79.7, 135.6, 135.6, 135.6, 135.6, 70.75, 135.6, 135.6, 135.6, 127.6, 94.25, 115.6, 107.6, 116.6];64.85;[5, 1, 3, 3, 3, 1, 2, 5, 2, 1, 1, 2, 1, 3, 3, 2, 3, 3, 2, 5, 2, 3, 3, 4, 2, 1, 1, 1, 2];4
30;70;30;2;True;2000;1;0;0;0;0;0;0;363.44726753234863;11.81548261642456;80074.55371231484;72246.03719043732;4216.265365185425;3612.150000000002;[118.65, 169.65, 171.65, 144.65, 138.65, 155.65, 108.65, 84.64, 92.65, 166.65, 94.65, 160.65, 88.65, 137.65, 104.65, 108.65, 80.97, 116.65, 146.65, 82.09, 151.65, 116.65, 100.65, 125.65, 124.65, 144.65, 94.65, 102.65, 89.65, 88.55];90.68;[2, 5, 4, 6, 1, 3, 3, 1, 1, 1, 3, 3, 1, 2, 2, 1, 4, 2, 1, 3, 2, 3, 2, 5, 3, 1, 3, 2];5
30;70;30;3;True;2000;1;0;0;0;0;0;0;440.3750624656677;12.803902864456177;80632.45894585484;72466.63764047623;4039.7346543991453;4126.09;[172.75, 197.75, 137.58, 165.75, 162.58, 98.98, 70.93, 130.58, 145.58, 142.58, 65.65, 110.78, 219.75, 137.58, 102.78, 173.75, 111.78, 175.75, 93.98, 138.58, 109.78, 175.75, 155.58, 90.55, 146.58, 109.78, 217.75, 87.35, 111.78, 165.75];154.1;[3, 1, 3, 1, 3, 1, 3, 1, 1, 5, 3, 4, 2, 3, 4, 1, 4, 2, 1, 1, 1, 2, 2, 2, 3, 5, 1, 1, 6];5
30;70;30;4;True;2000;1;0;0;0;0;0;0;376.27762603759766;13.21442174911499;89123.56960772446;80764.53612327576;4246.258616606157;4112.729999999999;[126.39, 164.39, 110.05, 136.39, 140.39, 135.39, 162.39, 172.39, 110.05, 169.39, 90.34, 163.39, 94.65, 142.39, 172.39, 172.39, 113.97, 153.39, 129.39, 122.39, 172.39, 88.82, 150.39, 127.39, 143.39, 119.39, 172.39, 113.97, 118.3, 124.39];83.57;[1, 3, 2, 2, 2, 2, 1, 4, 3, 3, 2, 2, 1, 2, 5, 4, 2, 2, 3, 1, 2, 1, 2, 1, 2, 4, 3, 5, 3];4
30;70;30;5;True;2000;1;0;0;0;0;0;0;266.25675916671753;11.777471542358398;79059.22799595211;71696.23136663437;4248.263956554083;3114.650000000001;[115.65, 108.65, 115.65, 115.65, 80.51, 115.65, 104.65, 105.65, 115.65, 106.65, 115.65, 3.0, 88.57, 115.65, 101.65, 115.65, 94.42, 86.57, 115.65, 115.65, 115.65, 115.65, 115.65, 115.65, 71.12, 115.65, 81.51, 115.65, 115.65, 115.65];112.65;[1, 3, 3, 2, 3, 1, 1, 2, 1, 4, 3, 3, 1, 3, 3, 2, 5, 2, 3, 2, 2, 4, 1, 5, 1, 5, 4];4
30;70;30;6;True;2000;1;0;0;0;0;0;0;265.4579906463623;11.981592893600464;84502.73330902353;77419.38517379761;4000.7532148369974;3082.6399999999994;[109.56, 109.56, 109.56, 109.56, 109.56, 109.56, 109.56, 109.56, 109.56, 86.44, 98.56, 105.56, 109.56, 98.56, 109.56, 80.44, 109.56, 86.44, 109.56, 109.56, 102.56, 109.56, 109.56, 83.44, 109.56, 109.56, 109.56, 96.56, 71.0, 91.44];38.56;[2, 2, 2, 3, 4, 6, 3, 3, 2, 3, 1, 4, 4, 1, 1, 2, 5, 1, 2, 1, 2, 3, 2, 4, 3, 2, 1, 1];5
30;80;30;1;True;2000;1;0;0;0;0;0;0;331.5664658546448;13.966657161712646;99492.14276033989;91237.84031772614;4598.0114295555895;3656.1899999999987;[134.85, 91.07, 99.15, 134.85, 133.85, 106.27, 111.85, 134.85, 134.85, 97.85, 108.27, 134.85, 134.85, 121.85, 134.85, 134.85, 94.14, 134.85, 134.85, 134.85, 134.85, 84.61, 134.85, 127.85, 134.85, 128.85, 100.71, 116.85, 111.27, 133.85];50.239999999999995;[5, 1, 1, 4, 2, 3, 2, 6, 2, 3, 1, 2, 6, 2, 3, 3, 3, 4, 3, 6, 2, 3, 3, 3, 2, 1, 2, 1, 1];5
30;80;30;2;True;2000;1;0;0;0;0;0;0;427.14723348617554;15.42914080619812;99737.51262772265;90646.79260349274;4921.659647513936;4169.06;[132.48, 172.48, 174.48, 187.48, 136.48, 170.48, 144.48, 96.01, 107.44, 178.48, 112.48, 165.48, 108.64, 160.48, 151.48, 127.48, 97.01, 115.48, 193.48, 95.28, 194.48, 156.48, 133.48, 136.48, 145.48, 124.48, 106.31, 125.48, 108.17, 110.64];99.19999999999999;[2, 4, 3, 5, 1, 3, 3, 1, 1, 3, 2, 5, 2, 3, 5, 1, 1, 3, 3, 2, 3, 3, 3, 2, 4, 3, 2, 3, 1, 3];4
30;80;30;3;True;2000;1;0;0;0;0;0;0;481.7845869064331;15.918634176254272;100797.41772711628;91534.85330247879;4796.7165850879865;4465.760000000001;[131.28, 134.28, 147.28, 185.28, 166.28, 111.87, 81.96, 176.28, 203.28, 187.28, 78.05, 145.28, 210.28, 187.28, 117.28, 129.28, 95.52, 193.28, 101.74, 154.28, 138.28, 210.28, 129.28, 123.67, 166.28, 127.37, 210.28, 92.72, 119.98, 210.28];132.23000000000002;[4, 3, 2, 2, 4, 2, 4, 3, 2, 4, 1, 3, 6, 3, 2, 2, 4, 5, 2, 3, 3, 1, 1, 1, 3, 4, 1, 2, 3];5
30;80;30;4;True;2000;1;0;0;0;0;0;0;425.87225818634033;15.627439260482788;103621.64342272007;94188.58063745499;5071.842282894175;4361.309999999998;[116.32, 188.72, 110.63, 136.72, 188.72, 158.72, 188.72, 188.72, 113.92, 154.72, 95.11, 188.72, 109.23, 157.72, 188.72, 183.72, 128.72, 145.72, 134.72, 134.72, 188.72, 94.11, 181.72, 123.72, 128.72, 111.63, 135.72, 115.92, 147.72, 120.32];94.61;[4, 4, 1, 4, 4, 1, 3, 2, 2, 2, 2, 2, 3, 4, 4, 3, 2, 2, 5, 3, 3, 1, 3, 3, 1, 2, 3, 3, 4];4
30;80;30;5;True;2000;1;0;0;0;0;0;0;408.36395263671875;17.431333780288696;102411.54421183618;93552.01038742065;4788.060718616987;4071.52;[122.87, 133.87, 142.87, 127.87, 91.98, 169.98, 175.23, 103.33, 150.87, 133.87, 175.23, 3.0, 107.34, 155.98, 124.87, 171.98, 119.87, 107.82, 175.23, 163.98, 165.98, 145.87, 175.23, 104.83, 91.98, 175.23, 100.57, 103.33, 175.23, 175.23];172.23;[2, 2, 3, 2, 2, 1, 3, 1, 1, 4, 6, 4, 2, 4, 3, 3, 2, 5, 3, 4, 1, 2, 1, 5, 1, 2, 5, 6];5
30;80;30;6;True;2000;1;0;0;0;0;0;0;349.9630317687988;15.206045150756836;102217.40304060437;94019.2222123146;4625.616734638928;3572.5999999999985;[132.56, 113.56, 137.56, 124.56, 118.56, 137.56, 137.56, 137.56, 137.56, 96.56, 110.56, 109.56, 137.56, 104.56, 137.56, 99.56, 137.56, 89.6, 112.56, 137.56, 100.56, 137.56, 135.56, 87.6, 137.56, 127.56, 120.56, 101.56, 82.24, 91.6];55.32000000000001;[2, 3, 3, 4, 1, 7, 4, 3, 2, 3, 1, 3, 4, 1, 2, 2, 6, 1, 4, 5, 3, 1, 4, 1, 5, 1, 3, 1];6
30;90;30;1;True;2000;1;0;0;0;0;0;0;403.382122039795;2.9206409454345703;14664.174126877675;13881.91638803482;313.6804535458439;468.6000000000001;[15.62, 15.62, 15.62, 15.62, 15.62, 15.62, 15.62, 15.62, 15.62, 15.62, 15.62, 15.62, 15.62, 15.62, 15.62, 15.62, 15.62, 15.62, 15.62, 15.62, 15.62, 15.62, 15.62, 15.62, 15.62, 15.62, 15.62, 15.62, 15.62, 15.62];0.0;[1, 1, 1, 1, 1];0
30;90;30;2;True;2000;1;0;0;0;0;0;0;481.31429290771484;16.61327362060547;118959.15718317786;109028.39102840424;5678.496248053556;4252.400000000002;[193.38, 193.38, 188.38, 147.38, 133.38, 184.38, 122.38, 117.38, 114.38, 154.38, 125.38, 160.38, 112.38, 146.38, 136.38, 129.38, 101.88, 122.38, 164.38, 118.38, 164.38, 150.38, 132.38, 145.38, 146.38, 167.38, 123.38, 126.38, 121.38, 108.88];91.5;[3, 6, 4, 5, 3, 4, 2, 2, 1, 2, 4, 4, 2, 2, 4, 2, 2, 3, 2, 3, 5, 2, 3, 5, 3, 5, 2, 2, 1, 2];5
30;90;30;3;True;2000;1;0;0;0;0;0;0;407.4326343536377;13.270473003387451;106438.91344788403;97316.7084646225;5434.691556944444;3687.480000000001;[112.61, 159.48, 159.48, 139.48, 103.61, 86.61, 71.17, 119.61, 155.48, 159.48, 69.05, 146.48, 159.48, 136.48, 99.61, 143.48, 93.61, 90.61, 90.61, 147.48, 109.61, 159.48, 146.48, 98.61, 133.61, 111.61, 159.48, 83.61, 107.61, 133.48];90.42999999999999;[3, 3, 3, 3, 4, 1, 4, 2, 1, 4, 2, 2, 3, 2, 3, 5, 2, 2, 5, 4, 2, 4, 4, 2, 2, 3, 6, 2, 2, 5];5
30;90;30;4;True;2000;1;0;0;0;0;0;0;417.82610607147217;19.005353212356567;122054.46845453998;112176.1046128273;5557.767620701434;4320.550000000002;[124.55, 165.55, 104.93, 131.55, 165.55, 144.55, 165.55, 149.55, 130.55, 165.55, 110.67, 165.55, 119.95, 151.55, 165.55, 165.55, 165.55, 153.55, 141.55, 133.55, 165.55, 102.3, 165.55, 122.55, 162.55, 134.55, 165.55, 125.55, 134.55, 120.95];63.250000000000014;[2, 4, 4, 4, 4, 4, 1, 2, 1, 4, 2, 2, 3, 3, 4, 5, 2, 3, 3, 4, 4, 1, 2, 6, 2, 1, 5, 2, 3, 3];5
30;90;30;5;True;2000;1;0;0;0;0;0;0;461.4569778442383;18.587752103805542;119402.50754507385;109813.31326293945;5390.174102324507;4198.930000000001;[129.84, 139.84, 174.84, 132.84, 103.22, 179.84, 143.84, 121.84, 134.84, 149.84, 179.84, 3.0, 106.72, 164.84, 128.84, 179.84, 137.84, 118.84, 158.84, 149.84, 164.84, 165.84, 179.84, 119.84, 90.09, 155.84, 109.83, 113.91, 179.84, 179.84];176.84;[2, 3, 4, 1, 3, 2, 3, 1, 1, 3, 7, 5, 5, 4, 6, 4, 3, 4, 1, 3, 3, 3, 1, 2, 1, 1, 2, 6, 6];6
30;90;30;6;True;2000;1;0;0;0;0;0;0;408.4661102294922;19.30071473121643;125595.36355426416;116444.14086294174;5128.0267635457385;4023.2999999999993;[144.43, 125.43, 149.43, 145.43, 137.43, 149.43, 149.43, 149.43, 149.43, 111.38, 118.43, 134.43, 149.43, 122.43, 149.43, 93.88, 149.43, 110.38, 149.43, 149.43, 124.43, 143.43, 145.43, 105.48, 148.43, 131.43, 149.43, 118.43, 105.48, 113.38];55.55000000000001;[1, 2, 4, 4, 5, 7, 5, 4, 5, 1, 4, 3, 5, 2, 2, 1, 6, 1, 6, 5, 3, 1, 1, 2, 1, 2, 4, 3];6
30;100;30;1;True;2000;1;0;0;0;0;0;0;388.12969970703125;17.6892728805542;135791.08355794242;126023.72428798676;5700.827617837399;4066.4300000000017;[142.8, 109.85, 135.8, 142.8, 142.8, 128.8, 136.8, 142.8, 142.8, 115.2, 100.07, 142.8, 142.8, 142.8, 142.8, 142.8, 123.25, 142.8, 142.8, 142.8, 142.8, 94.32, 142.8, 142.8, 142.8, 142.8, 123.54, 142.8, 142.8, 142.8];48.48000000000002;[3, 2, 2, 6, 2, 3, 4, 6, 3, 1, 4, 4, 4, 3, 3, 4, 4, 4, 3, 7, 2, 3, 3, 5, 4, 2, 3, 4, 2];6
30;100;30;2;True;2000;1;0;0;0;0;0;0;527.9295787811279;21.508771181106567;140719.67622150359;129668.86273765564;6543.540138917729;4507.329999999997;[201.74, 142.74, 200.74, 175.74, 164.74, 184.74, 189.74, 114.74, 115.74, 179.74, 116.74, 180.74, 122.74, 129.74, 125.74, 137.74, 108.93, 115.74, 201.74, 97.41, 187.74, 186.74, 127.74, 167.74, 187.74, 141.74, 119.74, 134.74, 112.01, 133.74];104.33000000000001;[3, 6, 2, 6, 3, 3, 5, 3, 3, 2, 3, 2, 3, 3, 5, 2, 3, 2, 5, 2, 6, 5, 3, 4, 5, 4, 3, 1, 1, 2];5
30;100;30;3;True;2000;1;0;0;0;0;0;0;548.2008814811707;24.26031732559204;146310.05734034805;135603.0677666664;5952.11942723787;4754.880000000002;[198.76, 198.76, 198.76, 198.76, 133.54, 129.54, 125.54, 162.76, 161.76, 166.76, 103.84, 146.54, 198.76, 187.76, 142.54, 163.76, 134.54, 128.54, 121.54, 172.76, 137.54, 196.76, 198.76, 150.76, 132.54, 150.76, 198.76, 111.96, 155.76, 145.76];94.91999999999999;[4, 2, 3, 5, 4, 1, 4, 2, 3, 4, 3, 4, 1, 4, 4, 5, 2, 2, 3, 1, 4, 4, 4, 5, 4, 2, 6, 2, 2, 6];5
30;100;30;4;True;2000;1;0;0;0;0;0;0;590.585991859436;22.278504848480225;148080.59284422293;136969.8113412857;6133.362463259641;4977.419999999999;[133.88, 226.4, 129.98, 178.4, 156.4, 151.4, 161.4, 168.4, 135.77, 213.4, 126.6, 198.4, 118.63, 201.4, 226.4, 178.4, 186.4, 215.4, 204.4, 152.4, 157.4, 108.7, 144.4, 172.4, 153.4, 149.4, 194.4, 138.66, 154.4, 140.4];117.7;[5, 5, 2, 5, 3, 2, 5, 4, 2, 3, 2, 1, 8, 5, 2, 4, 7, 4, 2, 2, 1, 5, 3, 3, 6, 1, 3, 5];7
30;100;30;5;True;2000;1;0;0;0;0;0;0;418.39420080184937;19.19758915901184;135374.219162399;125332.37375116348;5906.020248544065;4135.7699999999995;[123.05, 147.12, 155.12, 154.12, 114.06, 155.12, 155.12, 133.09, 142.12, 155.12, 155.12, 8.82, 109.78, 155.12, 136.03, 155.12, 125.79, 122.06, 155.12, 155.12, 155.12, 155.12, 155.12, 141.03, 109.78, 155.12, 120.06, 122.06, 155.12, 155.12];146.3;[2, 2, 5, 3, 3, 2, 4, 2, 1, 2, 5, 6, 2, 5, 4, 2, 3, 4, 1, 5, 4, 3, 5, 3, 6, 2, 2, 6, 6];5
30;100;30;6;True;2000;1;0;0;0;0;0;0;486.8618383407593;18.579399347305298;138535.03111549612;128430.76376342773;5738.239278319964;4365.900000000002;[151.03, 122.03, 158.03, 176.03, 156.03, 141.03, 181.03, 183.03, 183.03, 107.03, 115.03, 131.03, 176.03, 132.03, 147.03, 104.03, 178.03, 183.03, 137.03, 120.03, 118.03, 167.03, 140.03, 104.03, 183.03, 126.03, 153.03, 183.03, 101.03, 109.03];82.0;[4, 5, 3, 4, 2, 7, 5, 4, 3, 2, 3, 5, 3, 2, 3, 3, 6, 1, 5, 2, 2, 1, 3, 2, 5, 5, 5, 3, 1, 1];6
40;40;40;1;True;2000;1;0;0;0;0;0;0;195.96450757980347;6.393782138824463;37657.05119528782;32960.747566223145;2338.6574493459707;2357.5899999999997;[96.68, 24.88, 29.89, 96.68, 96.68, 35.74, 43.74, 96.68, 60.74, 32.74, 32.74, 47.74, 76.68, 51.74, 68.68, 86.68, 30.89, 40.74, 96.68, 44.74, 64.68, 4.1, 73.68, 44.74, 73.68, 45.74, 37.74, 96.68, 58.74, 93.68, 55.74, 17.99, 62.74, 92.68, 52.74, 80.68, 96.68, 19.49, 30.89, 62.74];92.58000000000001;[2, 1, 2, 4, 2, 1, 2, 1, 1, 3, 1, 2, 1, 1, 1, 1, 2, 2, 1, 2, 2, 1, 2, 2];3
40;40;40;2;True;2000;1;0;0;0;0;0;0;275.7321562767029;7.912950754165649;40824.858355717864;35844.14490652084;2546.5253361227137;2434.2400000000007;[57.07, 66.07, 86.07, 56.07, 40.38, 107.07, 36.38, 27.8, 19.43, 103.07, 29.38, 145.07, 43.38, 72.07, 46.38, 34.38, 12.98, 35.38, 64.07, 25.14, 101.07, 51.38, 60.07, 100.07, 79.07, 44.38, 31.38, 40.38, 27.8, 23.47, 92.07, 35.38, 76.07, 37.38, 70.07, 142.07, 120.07, 126.07, 15.97, 52.38];132.09;[1, 1, 2, 3, 2, 2, 1, 3, 1, 1, 1, 1, 2, 2, 2, 1, 2, 2, 2, 4, 4];3
40;40;40;3;True;2000;1;0;0;0;0;0;0;215.22053241729736;6.19307804107666;36554.840959801804;31616.29319190979;2335.907659318021;2602.6099999999997;[53.77, 73.81, 61.24, 99.2, 96.2, 29.1, 30.33, 51.83, 90.2, 51.83, 19.25, 46.03, 119.2, 79.81, 37.43, 60.24, 31.4, 54.77, 30.63, 123.2, 37.43, 82.81, 123.2, 31.83, 42.6, 26.79, 100.2, 15.44, 47.39, 99.2, 43.6, 92.2, 88.2, 72.81, 81.81, 58.96, 86.81, 81.81, 63.24, 86.81];107.76;[1, 2, 1, 2, 1, 1, 2, 1, 1, 1, 1, 3, 1, 1, 3, 1, 3, 2, 2, 3, 1, 1, 2, 1, 1, 1];2
40;40;40;4;True;2000;1;0;0;0;0;0;0;209.03737688064575;7.029808282852173;38627.01624401022;33596.28443193436;2321.7059530863544;2709.0799999999995;[29.22, 80.14, 29.13, 61.25, 74.14, 114.14, 70.14, 50.11, 25.9, 108.14, 20.67, 114.14, 22.43, 68.14, 98.14, 104.14, 64.25, 109.14, 59.25, 52.31, 114.14, 3.41, 41.27, 46.21, 31.75, 43.35, 96.14, 33.05, 53.31, 43.35, 81.14, 87.14, 103.14, 114.14, 82.14, 98.14, 50.75, 55.31, 72.14, 104.14];110.73;[1, 2, 1, 4, 1, 2, 2, 1, 1, 2, 2, 2, 3, 2, 1, 2, 2, 2, 1, 2, 2, 2];3
40;40;40;5;True;2000;1;0;0;0;0;0;0;215.4301233291626;6.50649881362915;36647.19742274891;31732.296184062958;2412.8771045864846;2502.1400000000003;[51.3, 45.3, 44.3, 54.3, 29.28, 100.3, 75.3, 28.28, 82.3, 35.28, 51.3, 3.0, 45.3, 42.3, 40.05, 108.3, 23.91, 28.28, 71.3, 73.3, 108.3, 87.3, 108.3, 36.57, 4.83, 99.3, 13.88, 42.05, 108.3, 108.3, 96.3, 79.3, 79.3, 108.3, 62.3, 108.3, 10.58, 100.3, 65.3, 42.05];105.3;[1, 1, 1, 2, 1, 1, 1, 2, 2, 1, 2, 1, 2, 1, 1, 2, 2, 2, 1, 1, 1, 4, 4, 3];3
40;40;40;6;True;2000;1;0;0;0;0;0;0;228.38967514038086;7.50899600982666;41049.47243441132;36039.216094493866;2250.0329396377874;2760.1699999999996;[71.98, 48.66, 128.82, 117.82, 65.98, 104.82, 72.98, 105.82, 108.82, 22.93, 28.6, 41.61, 55.98, 52.98, 38.29, 11.43, 86.82, 48.66, 53.98, 84.82, 50.85, 128.82, 100.82, 30.37, 98.82, 74.98, 78.98, 34.3, 33.5, 30.54, 38.7, 87.82, 97.82, 74.98, 63.98, 78.98, 128.82, 45.36, 45.95, 83.98];117.38999999999999;[1, 3, 3, 1, 4, 1, 2, 1, 3, 1, 1, 1, 1, 2, 1, 1, 1, 1, 1, 2, 1, 1, 3, 3];3
40;50;40;1;True;2000;1;0;0;0;0;0;0;225.32883977890015;9.60904860496521;49850.2757541169;44402.41741228104;2787.7741448319216;2660.149999999999;[97.56, 56.56, 37.57, 97.56, 97.56, 44.57, 47.45, 97.56, 57.56, 33.64, 40.57, 38.57, 97.56, 52.56, 68.56, 97.56, 37.57, 55.56, 95.56, 57.56, 76.56, 6.48, 73.56, 68.56, 88.56, 48.56, 39.57, 96.56, 73.56, 97.56, 94.56, 26.95, 69.56, 77.56, 68.56, 94.56, 97.56, 29.96, 39.57, 82.56];91.08;[3, 1, 1, 3, 1, 1, 2, 1, 1, 2, 1, 1, 4, 1, 1, 2, 1, 2, 1, 1, 1, 3, 2, 1, 4, 1, 3, 4];3
40;50;40;2;True;2000;1;0;0;0;0;0;0;298.3466167449951;10.32094931602478;52077.26286829916;46244.14892435074;3122.793523357697;2710.31;[72.84, 73.84, 95.84, 81.84, 48.84, 107.84, 51.84, 32.75, 34.79, 84.84, 42.84, 68.84, 42.84, 65.84, 63.84, 48.84, 26.93, 51.84, 79.84, 30.72, 108.84, 57.84, 55.84, 139.84, 91.84, 55.84, 44.84, 51.84, 33.75, 38.84, 88.84, 41.84, 61.84, 55.84, 94.84, 123.84, 139.84, 131.84, 24.81, 59.84];115.03;[1, 3, 2, 1, 1, 3, 1, 1, 1, 2, 2, 2, 3, 5, 1, 1, 4, 2, 2, 5, 5, 1, 1];4
40;50;40;3;True;2000;1;0;0;0;0;0;0;240.8198742866516;9.57859992980957;46387.399539457605;40469.034083366394;2913.9020519850674;3004.4699999999984;[83.99, 76.99, 71.68, 105.99, 75.99, 44.72, 45.72, 62.39, 125.99, 109.99, 35.86, 56.39, 125.99, 64.39, 49.68, 65.43, 35.86, 65.68, 40.48, 125.99, 48.89, 73.85, 110.99, 42.86, 67.68, 29.17, 100.99, 23.51, 70.68, 121.99, 48.89, 86.99, 93.99, 76.99, 87.99, 73.85, 96.99, 78.99, 105.99, 93.99];102.47999999999999;[1, 1, 2, 1, 1, 1, 5, 2, 1, 1, 1, 1, 3, 2, 1, 1, 1, 1, 6, 3, 4, 2, 4, 1, 2, 1];5
40;50;40;4;True;2000;1;0;0;0;0;0;0;247.36141872406006;10.494278907775879;51803.25031252256;45702.80530166626;2793.831003484829;3306.6700000000005;[56.24, 87.68, 52.37, 90.8, 124.14, 124.14, 106.14, 66.11, 55.19, 92.8, 32.89, 124.14, 41.54, 71.68, 124.14, 98.8, 86.68, 113.14, 86.68, 67.11, 99.8, 30.06, 73.68, 77.68, 61.23, 58.27, 100.8, 49.01, 64.11, 63.11, 124.14, 94.8, 93.8, 113.14, 82.68, 83.68, 75.68, 69.11, 87.68, 101.8];94.08;[1, 2, 2, 4, 2, 2, 1, 2, 4, 2, 2, 3, 2, 1, 1, 2, 1, 2, 2, 1, 2, 4, 2, 1, 1, 1];3
40;50;40;5;True;2000;1;0;0;0;0;0;0;248.3188705444336;10.407864332199097;49420.97721174391;43350.304592609406;3025.3568524511834;3045.32;[61.66, 60.66, 43.47, 105.9, 31.81, 116.9, 84.9, 39.87, 85.9, 40.17, 101.9, 3.0, 54.54, 64.16, 47.86, 116.9, 35.07, 38.3, 62.57, 80.9, 116.9, 110.9, 98.9, 46.86, 4.83, 116.9, 30.72, 51.83, 116.9, 116.9, 116.9, 98.9, 116.9, 116.9, 79.16, 116.9, 23.62, 111.9, 96.9, 79.16];113.9;[2, 1, 3, 2, 1, 1, 1, 1, 2, 3, 1, 2, 2, 1, 1, 2, 3, 3, 2, 1, 2, 1, 2, 3, 1, 4, 1, 1];3
40;50;40;6;True;2000;1;0;0;0;0;0;0;282.30202865600586;12.29514479637146;54534.66302682209;48286.66215085983;2732.3325971121194;3515.6599999999994;[82.34, 69.34, 148.85, 122.85, 78.34, 148.85, 148.85, 101.85, 91.85, 40.6, 29.75, 60.52, 99.85, 80.34, 61.61, 31.65, 110.85, 61.93, 76.34, 68.34, 132.85, 74.34, 77.34, 45.97, 139.85, 94.85, 135.85, 56.45, 51.54, 57.47, 69.34, 106.85, 76.34, 113.85, 79.34, 109.85, 134.85, 63.15, 90.34, 90.34];119.1;[2, 6, 2, 2, 5, 1, 1, 1, 2, 1, 2, 3, 3, 1, 3, 2, 1, 2, 1, 3, 1, 2, 2, 1];5
40;60;40;1;True;2000;1;0;0;0;0;0;0;298.38552808761597;11.892346382141113;61810.81684183774;54984.59135246277;3462.405907946661;3363.8699999999994;[145.06, 75.12, 52.09, 108.06, 91.06, 58.09, 60.09, 122.06, 116.06, 48.1, 57.09, 48.1, 96.06, 65.12, 82.74, 120.06, 49.1, 95.06, 115.06, 77.12, 82.74, 33.9, 88.74, 64.12, 99.06, 82.74, 52.09, 145.06, 81.28, 127.06, 97.06, 39.19, 93.06, 104.06, 68.12, 86.74, 118.06, 41.33, 49.1, 129.06];111.16;[5, 1, 1, 1, 3, 1, 1, 3, 1, 1, 2, 1, 1, 3, 1, 3, 2, 1, 1, 1, 1, 2, 1, 2, 2, 3, 1, 1, 4, 1, 3, 3, 2];4
40;60;40;2;True;2000;1;0;0;0;0;0;0;296.14197874069214;13.8727445602417;63277.019502743584;56367.27192115784;3691.8269415827685;3217.940000000001;[60.48, 101.86, 113.86, 124.86, 75.48, 129.86, 57.48, 49.52, 71.48, 121.86, 55.48, 112.86, 53.48, 93.86, 58.48, 58.48, 44.17, 57.48, 105.86, 43.17, 129.86, 73.48, 62.48, 114.86, 86.86, 89.86, 54.48, 64.48, 49.52, 47.55, 112.86, 48.52, 69.48, 63.48, 101.86, 129.86, 81.48, 126.86, 34.57, 85.48];95.29000000000002;[1, 1, 1, 5, 4, 2, 2, 1, 2, 4, 2, 1, 1, 1, 3, 3, 1, 3, 4, 2, 1, 4, 1, 2, 1, 5, 1, 1];4
40;60;40;3;True;2000;1;0;0;0;0;0;0;341.60119581222534;13.072025537490845;61056.93878602891;54267.01892757416;3557.430071123523;3232.4300000000003;[67.56, 73.0, 76.0, 105.0, 99.0, 51.75, 46.73, 64.2, 161.0, 116.0, 40.31, 76.0, 151.0, 80.0, 51.75, 68.56, 61.65, 61.65, 44.21, 126.0, 50.8, 82.0, 97.0, 50.8, 61.65, 59.3, 118.0, 48.3, 66.19, 87.0, 39.46, 109.0, 113.0, 107.0, 75.0, 73.0, 88.0, 95.0, 121.0, 69.56];121.53999999999999;[1, 1, 1, 2, 1, 1, 1, 5, 4, 1, 3, 2, 2, 1, 2, 4, 3, 2, 2, 3, 4, 1, 1, 1, 1, 3, 1, 2, 3, 1];4
40;60;40;4;True;2000;1;0;0;0;0;0;0;284.70095777511597;12.756949424743652;64520.977834186764;57584.781057834625;3477.906688425833;3458.310000000001;[59.63, 83.84, 53.86, 101.84, 128.84, 128.84, 122.84, 71.84, 60.69, 89.84, 35.81, 128.84, 45.75, 91.84, 94.84, 128.84, 81.84, 122.84, 90.84, 76.84, 128.84, 34.62, 70.84, 81.84, 80.84, 63.48, 86.84, 55.44, 83.84, 64.48, 90.84, 98.84, 104.84, 79.84, 106.84, 105.84, 70.84, 67.35, 77.84, 103.84];94.22;[1, 1, 1, 1, 2, 4, 1, 1, 1, 2, 4, 1, 2, 3, 3, 3, 3, 1, 1, 2, 1, 1, 2, 1, 2, 2, 3, 2, 2, 3, 1, 1, 1];3
40;60;40;5;True;2000;1;0;0;0;0;0;0;198.2836217880249;10.726794719696045;57758.62992774896;51024.02114915848;3663.4630080504307;3071.239999999999;[72.54, 87.54, 80.54, 87.54, 49.89, 87.54, 85.54, 56.74, 87.54, 74.54, 87.54, 42.34, 67.54, 70.54, 87.54, 87.54, 60.6, 53.8, 87.54, 87.54, 87.54, 87.54, 87.54, 71.54, 33.71, 87.54, 52.87, 60.6, 87.54, 87.54, 87.54, 86.54, 87.54, 87.54, 79.54, 87.54, 45.95, 87.54, 87.54, 87.54];53.830000000000005;[1, 3, 2, 2, 1, 1, 2, 2, 3, 1, 2, 4, 1, 1, 2, 4, 2, 2, 1, 3, 1, 3, 2, 2, 1, 2, 2, 1, 2, 2, 1, 1];3
40;60;40;6;True;2000;1;0;0;0;0;0;0;294.53458404541016;14.948901176452637;68198.90419393274;61132.37004137039;3225.925467460152;3840.7299999999977;[80.66, 81.66, 124.66, 115.66, 88.66, 143.66, 94.66, 143.66, 143.66, 58.78, 47.11, 71.66, 99.66, 98.66, 76.66, 43.73, 143.66, 74.66, 85.66, 77.66, 122.66, 101.66, 96.66, 60.95, 143.66, 99.66, 104.66, 66.66, 64.06, 70.66, 79.66, 119.66, 114.66, 139.66, 95.66, 109.66, 113.66, 67.66, 77.66, 96.66];99.93;[2, 3, 1, 1, 4, 1, 2, 2, 2, 1, 1, 1, 4, 6, 3, 1, 1, 1, 3, 1, 2, 1, 2, 2, 3, 2, 2, 2, 1, 2];5
40;70;40;1;True;2000;1;0;0;0;0;0;0;270.796133518219;17.086667776107788;77999.83411981401;70117.83504772186;4129.219752379109;3752.9200000000005;[111.23, 91.23, 77.01, 111.23, 111.23, 80.23, 82.23, 111.23, 91.23, 67.16, 70.52, 72.01, 111.23, 94.23, 103.23, 111.23, 70.52, 106.23, 111.23, 111.23, 98.23, 44.58, 111.23, 111.23, 106.23, 107.23, 69.16, 94.23, 90.23, 111.23, 105.23, 57.55, 96.23, 111.23, 80.23, 106.23, 105.23, 63.5, 77.01, 111.23];66.65;[5, 2, 3, 1, 1, 2, 2, 1, 1, 1, 4, 1, 1, 5, 1, 2, 3, 1, 2, 1, 3, 2, 2, 2, 4, 1, 1, 5, 1, 3, 3, 1, 1, 1];4
40;70;40;2;True;2000;1;0;0;0;0;0;0;327.7829999923706;17.238670587539673;76334.0729347115;68852.07052898407;4105.943802811987;3376.0600000000013;[67.17, 92.84, 116.84, 127.84, 74.84, 128.84, 68.17, 50.17, 58.17, 128.84, 66.17, 116.84, 55.17, 114.84, 78.84, 62.17, 45.56, 80.84, 99.84, 51.17, 128.84, 110.84, 81.84, 128.84, 90.84, 70.17, 60.17, 63.17, 54.17, 59.17, 96.84, 59.17, 83.84, 79.84, 81.84, 128.84, 100.84, 98.84, 41.63, 71.17];87.21000000000001;[1, 2, 5, 2, 3, 3, 2, 2, 2, 1, 1, 1, 1, 2, 2, 1, 4, 5, 2, 4, 2, 1, 2, 1, 1, 4, 1, 2, 1, 5, 2, 1, 1];4
40;70;40;3;True;2000;1;0;0;0;0;0;0;329.0254759788513;18.226564168930054;76422.6815032641;68877.56685638428;3981.155315038158;3563.8899999999985;[87.85, 78.85, 94.85, 100.85, 132.85, 59.2, 51.73, 80.85, 132.85, 116.85, 45.26, 88.85, 132.85, 92.85, 70.76, 78.85, 63.76, 75.73, 55.82, 132.85, 59.2, 102.85, 98.85, 53.45, 77.85, 71.76, 121.85, 53.45, 66.63, 103.85, 43.43, 107.85, 132.85, 104.85, 98.85, 77.73, 115.85, 108.85, 111.85, 77.73];89.41999999999999;[1, 1, 2, 2, 2, 1, 1, 1, 4, 4, 5, 1, 2, 2, 1, 1, 1, 7, 1, 5, 1, 2, 1, 3, 2, 3, 2, 2, 3, 2, 3, 1];6
40;70;40;4;True;2000;1;0;0;0;0;0;0;376.9311013221741;20.017635583877563;85793.64071030151;77175.0685133934;4330.259676742274;4288.1799999999985;[83.06, 112.83, 72.54, 146.83, 160.83, 160.83, 156.83, 93.15, 80.07, 134.83, 53.38, 105.83, 60.56, 98.83, 127.83, 123.83, 102.83, 123.83, 133.83, 84.06, 127.83, 53.38, 98.83, 96.83, 90.15, 78.39, 111.83, 90.15, 128.83, 88.62, 111.83, 128.83, 110.83, 111.83, 101.83, 108.83, 96.83, 98.83, 96.26, 140.83];107.45000000000002;[1, 2, 1, 2, 4, 5, 1, 1, 3, 2, 1, 4, 1, 4, 3, 4, 4, 2, 2, 1, 1, 3, 2, 2, 3, 4, 2, 2, 1, 2];4
40;70;40;5;True;2000;1;0;0;0;0;0;0;303.913067817688;16.495999097824097;75258.41031979455;67283.57465696335;4289.1640309488475;3685.7100000000014;[76.55, 122.13, 89.13, 110.13, 60.63, 122.13, 120.13, 70.68, 107.13, 69.16, 106.13, 44.28, 75.26, 68.25, 71.97, 122.13, 59.63, 55.81, 101.13, 85.13, 122.13, 110.13, 97.13, 79.84, 50.58, 122.13, 58.23, 68.25, 122.13, 122.13, 122.13, 104.13, 122.13, 92.13, 95.13, 122.13, 36.35, 122.13, 81.12, 98.13];85.78;[1, 3, 4, 1, 2, 1, 3, 2, 1, 2, 2, 2, 3, 1, 1, 2, 1, 3, 2, 3, 4, 1, 2, 3, 3, 1, 2, 2, 4, 1, 4, 2, 1];3
40;70;40;6;True;2000;1;0;0;0;0;0;0;341.95672273635864;18.92626714706421;83083.91772444117;74866.7990899086;4082.0745667135693;4135.129999999998;[136.41, 85.08, 151.41, 109.41, 91.41, 151.41, 107.41, 151.41, 131.41, 54.89, 49.23, 73.08, 130.41, 89.41, 78.08, 54.89, 151.41, 76.08, 105.41, 75.08, 92.41, 127.41, 116.41, 59.28, 131.41, 120.41, 108.41, 87.08, 67.52, 71.08, 100.41, 151.41, 104.41, 148.41, 107.41, 108.41, 113.41, 69.02, 88.08, 109.41];102.18;[2, 1, 3, 2, 5, 1, 4, 1, 2, 3, 4, 2, 2, 5, 5, 1, 1, 1, 3, 1, 2, 1, 1, 1, 2, 2, 4, 2, 2, 1, 2, 1];4
40;80;40;1;True;2000;1;0;0;0;0;0;0;365.02198696136475;22.264044523239136;96349.54327113871;87667.73656797409;4587.743154930865;4094.119999999999;[121.54, 102.54, 76.02, 139.54, 120.54, 79.5, 87.54, 139.54, 93.54, 76.02, 81.18, 77.76, 134.54, 113.54, 113.54, 139.54, 76.02, 81.86, 115.54, 88.54, 108.54, 63.71, 98.54, 115.54, 101.54, 107.54, 76.76, 95.54, 88.54, 139.54, 104.54, 64.68, 92.54, 139.54, 94.54, 134.54, 127.54, 70.47, 75.02, 136.54];75.82999999999998;[4, 3, 1, 3, 4, 1, 2, 4, 1, 1, 1, 5, 1, 2, 5, 2, 2, 1, 2, 1, 2, 1, 2, 2, 2, 5, 2, 1, 1, 5, 1, 5, 4, 1];4
40;80;40;2;True;2000;1;0;0;0;0;0;0;439.4080481529236;22.87785315513611;97351.23909624512;88403.07380771637;4766.13461197114;4182.030000000001;[97.13, 110.13, 131.13, 109.13, 107.13, 134.13, 81.11, 72.11, 84.11, 126.13, 79.11, 131.13, 86.11, 100.13, 79.11, 86.11, 65.09, 75.11, 120.13, 64.09, 157.13, 109.13, 99.13, 125.13, 116.13, 88.11, 78.11, 93.11, 69.66, 74.11, 174.13, 72.11, 127.13, 108.13, 126.13, 142.13, 166.13, 167.13, 55.79, 95.11];118.34;[1, 1, 2, 3, 2, 3, 1, 1, 1, 3, 3, 1, 2, 2, 1, 1, 1, 2, 1, 4, 6, 2, 6, 2, 1, 2, 1, 1, 4, 3, 1, 4, 4, 4, 2, 1];5
40;80;40;3;True;2000;1;0;0;0;0;0;0;421.626748085022;22.36863350868225;91054.07123841532;82078.14299440384;4825.735157873518;4150.13;[117.75, 104.75, 120.75, 104.75, 133.75, 65.94, 62.36, 94.09, 176.75, 120.75, 65.94, 87.29, 154.75, 75.54, 83.01, 84.01, 70.98, 86.17, 59.63, 162.75, 67.34, 99.0, 154.75, 75.54, 80.85, 54.52, 160.75, 60.52, 90.66, 149.75, 74.94, 92.53, 156.75, 142.75, 96.77, 114.75, 116.75, 100.0, 115.75, 113.75];122.22999999999999;[2, 1, 1, 2, 4, 3, 5, 1, 2, 3, 1, 4, 3, 2, 1, 2, 6, 4, 2, 1, 2, 5, 1, 1, 1, 1, 2, 3, 4, 1, 3, 1, 1, 3, 1];5
40;80;40;4;True;2000;1;0;0;0;0;0;0;452.588538646698;23.877000331878662;100427.00134577247;90454.76441812515;5103.374171202819;4868.760000000003;[83.74, 135.01, 79.3, 139.01, 143.01, 173.01, 194.01, 112.01, 86.83, 131.01, 66.05, 121.01, 74.83, 106.01, 145.01, 142.01, 115.01, 152.01, 132.01, 85.83, 135.01, 61.76, 119.01, 125.01, 102.01, 89.83, 138.01, 116.01, 131.01, 81.83, 194.01, 161.01, 115.01, 154.01, 115.01, 135.01, 97.96, 98.51, 107.01, 175.01];132.25;[3, 3, 1, 2, 3, 6, 2, 1, 2, 1, 2, 1, 1, 4, 2, 3, 3, 3, 4, 1, 1, 1, 1, 1, 4, 1, 1, 2, 3, 1, 2, 3, 3, 2, 1, 1, 1, 3];5
40;80;40;5;True;2000;1;0;0;0;0;0;0;364.944917678833;19.118164539337158;91336.87534523489;82043.88128566742;4864.931178627906;4427.970000000002;[96.44, 147.51, 87.62, 136.51, 68.66, 147.51, 147.51, 71.91, 124.51, 82.63, 147.51, 62.91, 86.62, 104.51, 107.51, 147.51, 78.61, 75.61, 126.51, 101.51, 147.51, 133.51, 134.51, 95.44, 50.8, 130.51, 74.61, 79.61, 137.51, 147.51, 132.51, 105.51, 147.51, 123.51, 89.61, 147.51, 69.21, 122.51, 108.51, 100.44];96.71;[1, 5, 4, 2, 2, 1, 4, 1, 2, 3, 3, 3, 3, 1, 1, 5, 1, 3, 2, 1, 1, 2, 3, 1, 1, 3, 4, 2, 1, 1, 2, 3, 1, 3, 3, 1];4
40;80;40;6;True;2000;1;0;0;0;0;0;0;407.1552023887634;25.13004493713379;103835.96778995299;94393.39292907715;4586.535108291416;4856.040000000003;[102.05, 117.05, 154.05, 169.05, 122.05, 119.05, 169.05, 136.05, 163.05, 72.95, 67.61, 97.78, 115.05, 107.05, 105.05, 71.54, 139.05, 99.78, 103.05, 100.05, 126.05, 110.05, 114.05, 80.09, 168.05, 169.05, 148.05, 84.53, 89.75, 87.06, 109.05, 159.05, 133.05, 169.05, 162.05, 136.05, 169.05, 91.72, 99.78, 120.05];101.44000000000001;[2, 4, 3, 4, 4, 3, 3, 1, 2, 1, 3, 1, 1, 1, 1, 3, 3, 2, 2, 1, 1, 3, 2, 3, 1, 1, 1, 2, 4, 3, 4, 1, 3, 4, 1, 1];3
40;90;40;1;True;2000;1;0;0;0;0;0;0;397.5726752281189;25.999799966812134;116354.04741699471;106672.80126953125;5034.372797959002;4646.7699999999995;[142.64, 132.64, 88.91, 142.64, 140.64, 96.64, 106.64, 142.64, 106.64, 90.64, 91.64, 110.64, 142.64, 122.64, 127.64, 140.64, 85.91, 94.64, 137.64, 104.64, 121.64, 73.53, 128.64, 142.64, 112.64, 124.64, 98.64, 119.64, 100.64, 142.64, 142.64, 74.62, 114.64, 142.64, 100.64, 136.64, 126.64, 81.13, 89.91, 122.64];69.10999999999999;[3, 3, 4, 2, 3, 5, 2, 2, 1, 1, 3, 2, 2, 2, 1, 2, 2, 1, 2, 1, 1, 5, 3, 3, 1, 2, 2, 5, 4, 1, 1, 3, 1, 5, 4, 1, 1, 3];4
40;90;40;2;True;2000;1;0;0;0;0;0;0;485.29312658309937;29.242361545562744;117317.37349935994;107068.86493825912;5574.866913629307;4673.619999999999;[101.04, 115.69, 135.69, 120.69, 125.69, 138.69, 86.04, 80.62, 88.04, 140.69, 118.69, 155.69, 94.04, 136.69, 87.04, 105.04, 72.3, 110.69, 159.69, 75.54, 163.69, 102.04, 100.04, 171.69, 109.69, 99.04, 92.04, 92.04, 82.35, 80.62, 171.69, 86.04, 141.69, 97.04, 164.69, 170.69, 156.69, 167.69, 68.83, 107.04];102.86;[2, 2, 1, 7, 2, 1, 3, 2, 1, 1, 4, 5, 2, 1, 1, 4, 1, 4, 2, 3, 3, 3, 1, 1, 2, 1, 2, 4, 4, 3, 2, 6, 4, 2, 1, 2];6
40;90;40;3;True;2000;1;0;0;0;0;0;0;472.62220287323;24.049224853515625;107589.37248869686;97461.81250953674;5469.594510639373;4657.9800000000005;[105.85, 125.85, 125.85, 142.85, 111.85, 80.26, 67.57, 100.05, 173.85, 137.85, 70.37, 91.85, 185.85, 88.65, 96.89, 92.39, 83.73, 86.07, 77.26, 192.85, 74.27, 137.85, 136.85, 77.26, 141.85, 61.16, 181.85, 54.4, 95.89, 136.85, 87.16, 109.85, 192.85, 146.85, 99.05, 114.85, 164.85, 168.85, 129.85, 107.85];138.45;[1, 2, 2, 3, 3, 2, 1, 1, 5, 1, 1, 2, 1, 4, 2, 1, 1, 2, 5, 1, 6, 4, 1, 3, 1, 3, 2, 1, 2, 2, 1, 4, 1, 2, 1, 5, 4, 4, 2];5
40;90;40;4;True;2000;1;0;0;0;0;0;0;409.4395112991333;26.575196266174316;111367.30271462114;101189.0038151741;5589.062322158744;4589.249999999998;[86.25, 114.41, 78.83, 123.39, 137.07, 100.41, 147.51, 161.51, 87.72, 143.51, 65.94, 146.51, 72.2, 97.64, 135.39, 153.51, 106.41, 114.41, 126.39, 87.72, 161.51, 65.94, 97.64, 105.41, 90.18, 91.39, 136.39, 99.41, 114.41, 90.39, 161.51, 115.41, 137.07, 111.41, 102.41, 114.41, 98.64, 139.07, 109.41, 160.51];95.57;[2, 2, 1, 3, 5, 1, 5, 2, 3, 1, 1, 3, 6, 3, 2, 4, 2, 3, 3, 2, 1, 1, 3, 1, 1, 5, 4, 2, 4, 1, 2, 5, 1, 1, 4];5
40;90;40;5;True;2000;1;0;0;0;0;0;0;389.33637714385986;25.481054544448853;112596.439515872;102358.65855884552;5340.436277412346;4897.309999999999;[105.69, 148.69, 136.69, 149.69, 85.89, 149.69, 149.69, 86.89, 135.69, 99.95, 149.69, 76.27, 97.89, 117.69, 97.89, 149.69, 92.59, 90.28, 149.69, 120.69, 149.69, 125.69, 124.69, 130.69, 51.34, 149.69, 86.89, 97.89, 149.69, 149.69, 116.69, 149.69, 149.69, 149.69, 109.69, 149.69, 82.22, 134.69, 145.69, 102.69];98.35;[2, 4, 4, 3, 3, 1, 3, 1, 2, 3, 2, 2, 3, 4, 2, 1, 4, 1, 5, 1, 3, 2, 3, 1, 1, 6, 4, 4, 2, 1, 2, 1, 3, 1, 3, 1, 1];5
40;90;40;6;True;2000;1;0;0;0;0;0;0;473.0721025466919;27.377396821975708;120971.23671130209;110858.95659399033;5141.801802613872;4970.569999999998;[106.65, 132.73, 140.73, 141.73, 119.73, 170.73, 174.73, 158.73, 140.73, 78.48, 77.2, 92.65, 150.73, 124.73, 100.65, 74.78, 139.73, 97.65, 102.65, 111.65, 139.73, 113.65, 102.65, 85.06, 153.73, 178.73, 180.73, 86.54, 79.09, 89.25, 106.65, 161.73, 126.73, 170.73, 137.73, 115.65, 180.73, 89.69, 118.73, 115.65];105.94999999999999;[2, 1, 4, 2, 2, 5, 3, 3, 2, 1, 1, 4, 1, 1, 2, 1, 3, 4, 3, 3, 3, 1, 4, 3, 4, 2, 1, 1, 3, 4, 3, 1, 2, 5, 1, 1, 3];4
40;100;40;1;True;2000;1;0;0;0;0;0;0;460.90191650390625;28.00114870071411;131275.1241704417;120562.09274816513;5660.257950271981;5052.839999999999;[166.47, 147.47, 95.0, 159.47, 161.47, 94.0, 97.47, 166.47, 121.47, 89.55, 86.44, 110.47, 133.47, 115.47, 128.47, 139.47, 95.0, 154.47, 134.47, 150.47, 166.47, 76.31, 121.47, 163.47, 106.47, 108.47, 102.47, 133.47, 99.47, 166.47, 139.47, 78.28, 112.47, 148.47, 124.47, 166.47, 155.47, 82.22, 116.47, 137.47];90.16;[5, 3, 2, 2, 4, 2, 3, 5, 2, 1, 4, 2, 2, 2, 1, 3, 2, 2, 3, 1, 1, 3, 3, 1, 1, 2, 4, 4, 3, 1, 2, 3, 4, 5, 4, 1, 2, 5];4
40;100;40;2;True;2000;1;0;0;0;0;0;0;474.0803918838501;31.188727378845215;131259.76307293074;120126.34006738663;6383.207679847581;4750.259999999999;[113.85, 130.85, 138.85, 140.85, 122.85, 162.85, 106.69, 83.43, 97.69, 134.85, 101.69, 162.85, 97.69, 145.85, 102.69, 114.85, 76.25, 100.69, 130.85, 88.69, 158.85, 119.85, 113.85, 107.69, 132.85, 99.69, 95.69, 108.69, 93.69, 91.69, 149.85, 93.69, 113.85, 103.69, 122.85, 162.85, 162.85, 161.85, 91.69, 109.69];86.6;[1, 4, 2, 6, 1, 5, 5, 2, 2, 2, 1, 6, 2, 2, 2, 2, 2, 1, 1, 1, 4, 2, 3, 2, 3, 3, 1, 4, 2, 5, 1, 1, 2, 3, 4, 6, 2, 1, 1];5
40;100;40;3;True;2000;1;0;0;0;0;0;0;501.4670958518982;28.497525930404663;126891.69443327685;115800.56374168396;6103.461051875518;4987.670000000003;[132.55, 117.55, 134.55, 172.55, 114.55, 86.87, 71.0, 110.55, 157.55, 129.55, 84.9, 133.55, 178.55, 138.55, 95.81, 108.55, 86.87, 114.55, 75.02, 159.55, 92.72, 185.55, 149.55, 111.55, 128.55, 63.42, 191.55, 60.65, 111.55, 137.55, 95.81, 103.65, 162.55, 155.55, 132.55, 143.55, 153.55, 140.55, 122.55, 141.55];130.9;[3, 1, 2, 4, 4, 1, 2, 1, 1, 4, 2, 3, 3, 5, 2, 2, 4, 1, 4, 4, 5, 3, 1, 2, 1, 4, 2, 1, 2, 2, 3, 2, 2, 4, 3, 3, 4, 3];4
40;100;40;4;True;2000;1;0;0;0;0;0;0;486.5341811180115;31.82507300376892;131973.7319533212;120674.64018011093;6287.096806589621;5012.070000000001;[86.42, 125.28, 87.42, 125.28, 132.28, 178.68, 174.73, 142.28, 92.53, 141.28, 76.38, 118.86, 79.03, 103.66, 141.28, 178.68, 127.28, 147.28, 129.28, 96.51, 151.73, 70.03, 109.83, 108.34, 112.38, 98.01, 162.73, 102.5, 123.28, 103.66, 173.73, 155.73, 130.28, 120.28, 142.28, 131.28, 110.76, 121.28, 120.86, 178.68];108.65;[4, 3, 2, 3, 1, 3, 1, 3, 1, 5, 3, 1, 2, 3, 5, 4, 3, 1, 4, 1, 1, 2, 2, 2, 1, 4, 1, 2, 3, 2, 2, 2, 5, 5, 3, 2, 3, 5];4
40;100;40;5;True;2000;1;0;0;0;0;0;0;384.79767513275146;24.61886954307556;124086.78210154625;113748.95642185211;5964.996242294023;4372.89;[101.32, 127.71, 127.71, 127.71, 78.47, 127.71, 127.71, 84.92, 127.71, 98.32, 127.71, 68.16, 95.32, 98.32, 97.32, 127.71, 91.32, 88.32, 127.71, 125.71, 127.71, 111.71, 108.71, 95.32, 45.37, 127.71, 83.4, 96.32, 127.71, 127.71, 123.71, 127.71, 127.71, 127.71, 100.32, 127.71, 75.72, 127.71, 101.32, 104.71];82.34;[2, 4, 2, 2, 3, 1, 4, 3, 5, 1, 2, 1, 5, 2, 2, 3, 6, 1, 3, 1, 5, 2, 4, 1, 1, 6, 3, 1, 4, 3, 1, 2, 2, 1, 4, 3, 4];5
40;100;40;6;True;2000;1;0;0;0;0;0;0;445.1283869743347;26.8675274848938;131855.20532068293;121450.74104261398;5689.32056899848;4715.270000000002;[104.02, 122.02, 157.02, 157.02, 112.02, 157.02, 140.02, 157.02, 141.02, 77.99, 68.8, 102.02, 104.02, 105.02, 105.02, 75.03, 142.02, 157.02, 99.02, 97.02, 133.02, 118.02, 112.02, 79.98, 149.02, 157.02, 133.02, 94.02, 88.53, 90.64, 102.02, 132.02, 119.02, 151.02, 128.02, 110.02, 125.02, 90.64, 101.02, 121.02];88.22000000000001;[1, 2, 4, 5, 4, 6, 2, 3, 2, 1, 1, 5, 2, 2, 1, 2, 3, 1, 3, 3, 4, 2, 1, 3, 4, 6, 2, 1, 1, 1, 1, 4, 4, 1, 2, 3, 1, 4, 2];5
50;50;50;1;True;2000;1;0;0;0;0;0;0;223.92174673080444;14.456799030303955;49944.69719754038;44107.46594762802;2777.353417213443;3059.9900000000002;[96.52, 43.51, 36.68, 79.52, 74.52, 47.07, 48.07, 94.52, 75.52, 37.64, 12.98, 61.63, 69.52, 54.35, 74.52, 59.41, 28.01, 53.35, 96.52, 95.52, 69.52, 4.1, 89.52, 47.07, 83.52, 64.58, 35.47, 96.52, 50.88, 67.19, 67.19, 15.98, 58.41, 80.52, 54.35, 96.52, 96.52, 21.17, 36.68, 80.52, 50.88, 66.19, 40.51, 60.53, 30.31, 43.51, 38.89, 80.52, 96.52, 96.52];92.42;[3, 1, 1, 1, 4, 1, 1, 1, 2, 3, 1, 3, 1, 1, 1, 2, 1, 2, 4, 2, 1, 4, 1, 2, 1, 3, 2];3
50;50;50;2;True;2000;1;0;0;0;0;0;0;322.724769115448;17.099588632583618;53196.77250798737;46956.87040710449;3079.236183834861;3160.6600000000008;[63.42, 66.42, 71.42, 56.36, 44.6, 118.84, 36.62, 26.46, 18.75, 76.42, 32.63, 92.42, 33.63, 136.84, 38.62, 29.26, 12.48, 113.84, 90.42, 22.35, 89.42, 51.21, 66.42, 99.42, 87.42, 61.36, 29.26, 44.6, 25.46, 23.46, 127.84, 27.66, 85.42, 46.6, 80.42, 153.84, 127.84, 58.36, 16.06, 45.6, 51.21, 30.12, 76.42, 75.42, 40.61, 47.6, 43.61, 100.42, 55.36, 110.42];141.36;[1, 2, 3, 1, 1, 1, 2, 2, 1, 3, 2, 2, 1, 1, 3, 2, 6, 2, 2, 6, 1, 1, 1, 2, 1];5
50;50;50;3;True;2000;1;0;0;0;0;0;0;244.13819646835327;14.548612117767334;47935.50373254129;42567.88112068176;2813.912081739728;2553.53;[50.98, 43.98, 70.98, 74.98, 58.98, 24.98, 23.98, 59.98, 94.98, 56.98, 13.79, 42.98, 91.98, 45.98, 30.98, 54.98, 27.98, 46.98, 25.98, 94.98, 39.98, 54.98, 81.98, 28.98, 31.98, 33.98, 92.98, 14.94, 21.98, 65.98, 22.98, 58.98, 62.98, 86.98, 64.98, 47.98, 73.98, 43.98, 68.98, 47.98, 43.98, 77.98, 47.98, 34.98, 33.98, 32.98, 56.98, 70.98, 48.98, 19.74];81.19;[1, 2, 1, 4, 3, 1, 1, 2, 3, 3, 2, 1, 4, 5, 2, 1, 1, 5, 1, 1, 2, 1, 1, 1, 1];4
50;50;50;4;True;2000;1;0;0;0;0;0;0;256.11589431762695;16.378019332885742;51242.63569672786;45123.938212394714;2700.721491725158;3418.109999999997;[31.08, 83.24, 11.07, 84.24, 117.24, 119.24, 52.24, 47.24, 33.79, 98.24, 26.0, 76.24, 31.08, 56.24, 103.24, 85.24, 76.24, 84.24, 58.24, 51.24, 119.24, 15.06, 41.13, 56.24, 34.83, 45.24, 109.24, 19.11, 61.24, 51.24, 76.24, 63.24, 106.24, 94.24, 70.24, 75.24, 50.24, 42.24, 80.24, 94.24, 54.24, 36.82, 107.24, 114.24, 89.24, 94.24, 109.24, 46.24, 94.24, 41.78];108.16999999999999;[1, 1, 3, 5, 1, 1, 1, 2, 3, 1, 1, 1, 1, 3, 2, 4, 2, 1, 1, 1, 1, 2, 2, 1, 3, 2, 1, 2];4
50;50;50;5;True;2000;1;0;0;0;0;0;0;254.9948034286499;12.823326826095581;47329.158598307105;41121.59757614136;3059.534627551335;3147.8999999999983;[51.43, 52.43, 47.43, 71.43, 20.43, 91.43, 62.43, 34.92, 76.43, 35.85, 64.43, 3.0, 22.72, 47.43, 42.43, 120.43, 28.13, 24.64, 90.43, 75.43, 97.43, 118.43, 120.43, 48.43, 4.83, 108.43, 18.49, 38.87, 114.43, 120.43, 87.43, 66.43, 106.43, 65.43, 56.43, 108.43, 12.83, 48.43, 120.43, 47.43, 50.43, 97.43, 45.43, 37.87, 54.43, 17.03, 96.43, 90.43, 43.43, 41.81];117.43;[2, 2, 1, 1, 1, 3, 1, 1, 4, 1, 1, 1, 1, 2, 3, 2, 2, 1, 1, 1, 2, 3, 1, 1, 2, 1, 1, 1, 3, 3];3
50;50;50;6;True;2000;1;0;0;0;0;0;0;248.64736461639404;12.830533742904663;50506.299792670194;44722.90966081619;2789.3709260169107;2993.9199999999987;[67.52, 46.52, 104.52, 84.52, 61.52, 101.52, 53.52, 108.52, 81.52, 26.18, 27.18, 36.18, 97.52, 46.52, 44.52, 12.58, 106.52, 41.52, 48.52, 108.52, 55.52, 53.52, 54.52, 28.18, 78.52, 73.52, 95.52, 39.52, 34.18, 31.18, 43.52, 71.52, 54.52, 114.52, 80.52, 83.52, 114.52, 34.18, 34.18, 71.52, 85.52, 23.21, 33.18, 69.52, 33.18, 55.52, 18.2, 21.75, 38.18, 63.52];101.94;[1, 4, 1, 1, 1, 3, 2, 2, 2, 3, 2, 2, 6, 2, 1, 1, 1, 1, 2, 1, 1, 3, 3, 2, 1, 1];5
50;60;50;1;True;2000;1;0;0;0;0;0;0;255.1660032272339;21.008195638656616;63308.544263666554;56504.70353221893;3495.83529412148;3307.999999999999;[87.18, 48.87, 48.87, 81.18, 100.18, 50.87, 52.33, 68.35, 91.18, 37.16, 41.36, 75.18, 100.18, 55.55, 82.18, 86.18, 37.16, 51.33, 100.18, 100.18, 71.18, 4.1, 60.58, 66.15, 100.18, 67.15, 47.87, 100.18, 75.18, 100.18, 73.18, 23.5, 58.6, 59.05, 57.6, 75.18, 100.18, 28.79, 39.33, 63.15, 49.87, 89.18, 42.62, 53.33, 37.52, 42.37, 43.61, 86.18, 100.18, 96.18];96.08000000000001;[3, 1, 1, 2, 1, 1, 2, 2, 1, 1, 4, 3, 2, 3, 1, 3, 2, 1, 4, 3, 1, 2, 4, 2, 2, 1, 1, 2, 2, 2];3
50;60;50;2;True;2000;1;0;0;0;0;0;0;353.1379427909851;21.80659508705139;64938.85296943349;57834.899616241455;3688.7737742166682;3415.0600000000004;[51.06, 131.86, 81.86, 86.86, 43.5, 121.86, 56.98, 46.97, 25.09, 104.86, 41.5, 109.86, 40.16, 135.86, 42.5, 45.56, 22.51, 104.86, 88.86, 29.99, 101.86, 66.86, 51.06, 83.86, 74.86, 63.86, 54.98, 47.84, 28.99, 32.33, 110.86, 33.07, 73.86, 50.06, 75.86, 152.86, 96.86, 67.86, 17.13, 52.12, 66.86, 35.16, 68.86, 67.86, 54.98, 55.98, 51.06, 119.86, 60.98, 83.86];135.73000000000002;[3, 4, 2, 3, 1, 1, 1, 2, 1, 1, 1, 3, 1, 1, 3, 1, 3, 2, 4, 3, 1, 6, 2, 1, 2, 1, 4, 1, 1];5
50;60;50;3;True;2000;1;0;0;0;0;0;0;330.59339141845703;19.308213710784912;60084.064801400535;53585.02242708206;3492.0217918711346;3007.129999999997;[71.87, 59.87, 91.87, 91.87, 66.87, 36.87, 34.56, 64.87, 134.87, 87.87, 25.04, 44.87, 103.87, 57.87, 37.87, 49.87, 47.87, 44.87, 33.04, 117.87, 61.87, 69.87, 78.87, 36.87, 42.87, 40.87, 73.87, 23.99, 44.87, 54.87, 29.95, 67.87, 61.87, 94.87, 79.87, 58.87, 53.87, 51.87, 76.87, 77.87, 48.87, 79.87, 46.87, 38.87, 56.87, 37.87, 43.87, 75.87, 55.87, 35.27];110.88000000000001;[2, 1, 2, 3, 1, 3, 3, 4, 1, 1, 1, 6, 3, 2, 2, 1, 1, 2, 1, 4, 2, 2, 2, 1, 1, 1, 2, 2, 2, 1];5
50;60;50;4;True;2000;1;0;0;0;0;0;0;322.24593591690063;22.679340362548828;66679.49437218749;59510.18392658234;3441.0040637830243;3728.4999999999986;[34.08, 89.54, 45.31, 102.54, 132.54, 109.54, 101.54, 63.54, 45.31, 79.54, 29.29, 90.54, 37.32, 64.54, 115.54, 74.54, 69.54, 95.54, 56.54, 53.54, 105.54, 24.77, 44.71, 57.54, 39.61, 55.54, 77.54, 26.35, 79.54, 64.54, 82.54, 73.54, 91.54, 82.54, 68.54, 76.54, 71.54, 51.54, 87.54, 113.54, 74.54, 64.54, 105.54, 103.54, 116.54, 107.54, 132.54, 50.15, 57.54, 50.54];107.77;[2, 1, 1, 3, 3, 2, 1, 1, 1, 1, 2, 1, 3, 1, 1, 1, 2, 1, 2, 2, 4, 3, 2, 1, 2, 1, 1, 1, 1, 6, 2, 3, 1];5
50;60;50;5;True;2000;1;0;0;0;0;0;0;242.00429487228394;15.48564076423645;57239.18302506502;50356.76765680313;3666.864738002633;3215.5299999999984;[57.89, 94.89, 51.89, 69.89, 28.39, 94.89, 67.89, 39.32, 84.89, 40.32, 94.89, 3.0, 44.0, 54.89, 47.89, 94.89, 34.49, 36.49, 94.89, 75.89, 94.89, 92.89, 94.89, 52.89, 4.83, 94.89, 27.1, 32.97, 94.89, 94.89, 94.89, 82.89, 90.89, 62.89, 65.89, 94.89, 24.7, 75.89, 94.89, 56.89, 53.89, 77.89, 47.89, 45.89, 69.89, 27.1, 94.89, 57.89, 52.89, 45.89];91.89;[2, 2, 1, 1, 2, 1, 1, 3, 1, 3, 2, 2, 2, 3, 2, 1, 4, 2, 1, 1, 1, 3, 1, 2, 2, 2, 1, 1, 1, 2, 2, 3, 1, 1];3
50;60;50;6;True;2000;1;0;0;0;0;0;0;297.1500759124756;20.195360898971558;67496.27106270018;60409.0109205246;3305.456448157315;3781.75;[88.66, 60.26, 127.66, 84.66, 75.66, 127.66, 67.66, 127.66, 112.66, 32.1, 37.24, 50.02, 127.66, 74.66, 60.26, 22.75, 127.66, 53.11, 64.19, 94.66, 58.31, 75.66, 98.66, 41.24, 104.66, 125.66, 86.66, 51.02, 44.71, 43.57, 55.26, 77.66, 67.66, 127.66, 96.66, 66.19, 127.66, 44.71, 51.11, 81.66, 88.66, 22.75, 45.71, 127.66, 47.93, 61.26, 28.63, 33.98, 56.28, 125.66];104.91;[1, 2, 4, 1, 4, 4, 3, 2, 3, 1, 1, 2, 2, 3, 1, 1, 1, 3, 1, 1, 1, 1, 3, 1, 3, 1, 1, 2, 1, 1, 1, 1, 1, 1];3
50;70;50;1;True;2000;1;0;0;0;0;0;0;310.1761198043823;29.121307611465454;80496.29415609293;72354.92816734314;4035.2641993263737;4106.139999999999;[110.89, 60.3, 60.3, 114.89, 95.89, 78.89, 65.99, 114.89, 81.89, 65.99, 56.12, 92.89, 110.89, 67.39, 89.89, 111.89, 52.57, 69.71, 114.89, 114.89, 93.89, 19.69, 88.89, 67.39, 100.89, 81.89, 61.64, 114.89, 78.89, 114.89, 78.89, 40.07, 70.71, 106.89, 73.97, 101.89, 114.89, 44.08, 52.57, 77.89, 63.99, 84.89, 65.99, 75.89, 51.28, 50.28, 58.3, 109.89, 114.89, 114.89];95.2;[1, 1, 1, 4, 2, 4, 1, 1, 1, 1, 1, 5, 3, 2, 3, 2, 1, 1, 1, 1, 1, 4, 3, 1, 1, 3, 1, 4, 2, 1, 1, 1, 1, 1, 2, 4, 2];4
50;70;50;2;True;2000;1;0;0;0;0;0;0;354.251832485199;29.350844144821167;80639.0234665989;72446.70126581192;4103.479249720499;4088.8600000000015;[70.14, 91.13, 102.13, 77.13, 61.58, 123.13, 46.3, 41.07, 33.96, 99.13, 52.21, 121.13, 53.31, 136.13, 101.13, 49.18, 31.3, 122.13, 114.13, 42.06, 136.13, 110.13, 74.13, 85.13, 135.13, 84.13, 56.58, 99.13, 47.52, 65.14, 132.13, 49.18, 104.13, 60.58, 65.14, 128.13, 133.13, 85.13, 40.06, 71.13, 65.14, 52.21, 74.13, 73.13, 56.41, 67.14, 56.01, 136.13, 81.13, 97.13];104.83;[1, 2, 3, 3, 2, 4, 1, 3, 2, 1, 3, 1, 1, 3, 6, 1, 1, 1, 1, 2, 3, 1, 3, 2, 4, 2, 1, 1, 2, 1, 4, 2, 2];5
50;70;50;3;True;2000;1;0;0;0;0;0;0;349.59970712661743;31.14037847518921;77773.45622527842;69723.43949460983;4103.88243356029;3946.180000000004;[79.03, 126.03, 101.03, 104.03, 72.03, 52.03, 49.04, 98.03, 113.03, 70.03, 40.65, 62.03, 118.03, 78.03, 52.03, 74.03, 45.89, 59.03, 47.11, 129.03, 66.03, 89.03, 128.03, 54.03, 57.03, 62.03, 129.03, 34.57, 59.03, 83.03, 43.59, 90.03, 76.03, 103.03, 97.03, 70.03, 105.03, 69.03, 116.03, 107.03, 61.03, 97.03, 68.03, 52.03, 72.03, 59.03, 81.03, 126.03, 71.03, 50.04];94.46000000000001;[1, 5, 1, 2, 1, 4, 2, 2, 1, 1, 1, 1, 1, 6, 1, 3, 3, 1, 5, 3, 1, 4, 2, 2, 1, 1, 3, 1, 1, 1, 2, 1, 1, 1, 1, 1, 1];5
50;70;50;4;True;2000;1;0;0;0;0;0;0;320.56078720092773;19.985893487930298;76220.86720388877;67436.34061861038;4335.312032696051;4449.180000000003;[38.38, 121.63, 51.77, 81.63, 108.63, 141.63, 129.63, 61.63, 58.87, 77.63, 34.41, 130.63, 46.47, 83.63, 139.63, 127.63, 83.63, 97.63, 74.63, 84.63, 141.63, 31.05, 59.63, 75.63, 62.63, 69.63, 94.63, 36.9, 107.63, 76.63, 116.63, 77.63, 131.63, 102.63, 97.63, 104.63, 66.63, 68.63, 108.63, 96.63, 75.63, 62.63, 141.63, 127.63, 119.63, 136.63, 68.63, 58.87, 90.63, 65.63];110.58;[1, 1, 1, 4, 2, 4, 2, 2, 1, 3, 2, 1, 2, 1, 2, 1, 1, 1, 1, 1, 3, 1, 2, 2, 4, 1, 2, 1, 1, 1, 2, 1, 1, 3, 1, 1, 3, 1, 3, 2];3
50;70;50;5;True;2000;1;0;0;0;0;0;0;274.1660966873169;17.13282608985901;68049.58482971335;60217.452676296234;4269.572334538353;3562.7300000000005;[65.71, 70.71, 60.71, 76.71, 42.61, 98.71, 67.71, 45.24, 94.71, 47.05, 95.71, 3.0, 52.67, 61.71, 52.67, 108.71, 42.61, 40.77, 79.71, 82.71, 99.71, 108.71, 92.71, 53.67, 21.01, 108.71, 33.47, 46.24, 108.71, 108.71, 65.71, 74.71, 108.71, 74.71, 71.71, 108.71, 38.94, 65.71, 108.71, 63.71, 61.71, 103.71, 56.71, 49.86, 71.71, 36.29, 108.71, 104.71, 60.71, 55.49];105.71;[3, 3, 2, 1, 1, 1, 1, 2, 1, 1, 2, 1, 2, 1, 1, 1, 3, 1, 4, 1, 4, 2, 2, 1, 1, 1, 4, 1, 2, 3, 2, 2, 2, 1, 2, 3, 2, 1, 1];3
50;70;50;6;True;2000;1;0;0;0;0;0;0;383.3905873298645;27.447034120559692;81761.65366228786;73745.54625797272;4118.765146368087;3897.360000000001;[75.73, 66.73, 95.73, 130.91, 71.73, 97.73, 67.73, 118.91, 100.73, 40.21, 48.62, 52.07, 129.91, 61.73, 58.73, 26.9, 84.73, 55.07, 62.73, 57.73, 69.73, 88.73, 80.73, 42.25, 151.91, 91.73, 78.73, 57.73, 53.07, 57.07, 71.73, 106.73, 67.73, 120.91, 93.73, 67.73, 151.91, 51.07, 57.73, 81.73, 99.73, 30.9, 54.07, 125.91, 131.91, 64.73, 34.36, 40.91, 57.07, 110.73];125.00999999999999;[1, 1, 7, 1, 7, 4, 2, 3, 1, 1, 2, 3, 1, 2, 2, 1, 1, 3, 1, 1, 2, 2, 2, 3, 2, 1, 3, 1, 2, 1, 2, 1, 1, 1, 1];6
50;80;50;1;True;2000;1;0;0;0;0;0;0;325.8822350502014;29.65637445449829;89649.91724940651;80821.76571941376;4577.3359736948005;4250.829999999999;[122.82, 59.75, 59.75, 98.66, 114.66, 84.66, 70.17, 119.95, 81.41, 75.01, 46.13, 106.66, 122.82, 106.66, 97.66, 102.66, 60.75, 60.75, 122.82, 97.66, 92.66, 31.85, 100.66, 65.0, 82.66, 92.66, 61.47, 87.66, 69.17, 122.82, 89.66, 59.75, 78.01, 77.01, 71.59, 101.66, 122.82, 51.28, 57.21, 116.95, 58.75, 87.66, 65.73, 65.75, 55.2, 66.75, 65.73, 95.66, 122.82, 122.82];90.97;[6, 1, 1, 1, 3, 1, 2, 1, 1, 1, 3, 3, 1, 1, 2, 2, 2, 3, 2, 1, 3, 2, 1, 1, 2, 2, 2, 2, 4, 3, 3, 1, 3, 1, 1, 1, 1, 2, 4, 3];5
50;80;50;2;True;2000;1;0;0;0;0;0;0;428.34107542037964;30.726597785949707;93809.94139305684;84823.95942735672;4786.600407507837;4199.519999999998;[72.87, 95.97, 111.97, 70.96, 69.96, 129.97, 52.62, 50.21, 39.94, 127.97, 56.16, 145.97, 61.0, 149.97, 60.0, 62.11, 38.0, 64.03, 99.97, 46.79, 108.97, 87.97, 89.97, 100.97, 141.97, 69.96, 59.1, 74.11, 51.23, 77.97, 109.97, 59.1, 82.97, 69.96, 78.97, 114.97, 142.97, 84.97, 41.43, 74.11, 74.97, 57.44, 98.97, 84.97, 82.97, 66.96, 62.11, 149.97, 74.11, 118.97];111.97;[1, 1, 2, 2, 2, 3, 1, 1, 1, 1, 2, 1, 2, 1, 1, 2, 1, 2, 4, 6, 2, 2, 1, 3, 5, 1, 3, 2, 2, 3, 1, 1, 1, 4, 2, 1, 1, 5, 1, 2];5
50;80;50;3;True;2000;1;0;0;0;0;0;0;352.03269958496094;28.765227556228638;87576.19598358238;79069.11049127579;4792.481823363894;3714.7800000000007;[86.36, 106.36, 85.36, 92.36, 81.36, 48.39, 47.06, 82.36, 111.36, 85.36, 36.4, 68.36, 99.36, 74.36, 54.36, 67.36, 50.36, 76.36, 43.59, 107.36, 63.36, 80.36, 111.36, 53.36, 53.36, 58.36, 111.36, 42.97, 62.36, 111.36, 44.41, 94.36, 93.36, 90.36, 74.36, 72.36, 75.36, 74.36, 89.36, 98.36, 58.36, 87.36, 61.36, 48.39, 71.36, 60.36, 55.36, 96.36, 67.36, 49.45];74.96000000000001;[1, 4, 1, 3, 1, 1, 1, 3, 3, 3, 1, 4, 1, 1, 1, 1, 1, 4, 1, 4, 2, 1, 4, 1, 4, 3, 6, 1, 2, 2, 2, 2, 2, 1, 2, 2, 1, 1, 1];5
50;80;50;4;True;2000;1;0;0;0;0;0;0;290.60393142700195;19.776943683624268;85402.10457804558;76035.36849975586;5108.603602580247;4258.229999999997;[47.67, 109.22, 55.6, 102.22, 109.22, 109.22, 68.22, 83.22, 65.22, 109.22, 43.32, 83.22, 51.95, 76.22, 109.22, 93.22, 102.22, 109.22, 81.22, 71.22, 109.22, 33.22, 62.66, 75.22, 61.36, 71.22, 104.22, 39.77, 109.22, 88.22, 109.22, 103.22, 109.22, 100.22, 82.22, 103.22, 67.22, 65.22, 102.22, 92.22, 82.22, 73.22, 109.22, 109.22, 109.22, 97.22, 104.22, 63.66, 77.22, 64.22];76.0;[1, 2, 1, 1, 4, 1, 3, 1, 2, 1, 1, 1, 2, 3, 1, 3, 1, 2, 2, 3, 1, 3, 2, 2, 3, 3, 1, 2, 1, 2, 3, 2, 1, 1, 1, 1, 2, 2, 4, 1, 3, 3];3
50;80;50;5;True;2000;1;0;0;0;0;0;0;356.1122441291809;30.70000720024109;91249.6843830299;81856.18258953094;4859.438036036014;4534.120000000003;[76.09, 109.09, 92.09, 100.09, 60.55, 121.09, 89.09, 53.54, 125.09, 64.19, 128.09, 3.0, 67.79, 83.09, 70.49, 128.09, 59.55, 59.55, 109.09, 92.09, 128.09, 128.09, 128.09, 79.09, 28.15, 119.09, 54.47, 57.07, 128.09, 128.09, 128.09, 98.09, 112.09, 90.09, 83.09, 128.09, 40.03, 87.09, 121.09, 80.09, 90.09, 101.09, 77.09, 71.49, 100.09, 50.61, 127.09, 128.09, 79.09, 71.49];125.09;[4, 3, 1, 1, 1, 1, 1, 3, 1, 1, 2, 1, 1, 3, 1, 4, 1, 2, 3, 2, 1, 2, 2, 3, 2, 2, 2, 1, 3, 2, 2, 3, 2, 1, 2, 1, 3, 3, 3, 2, 1];3
50;80;50;6;True;2000;1;0;0;0;0;0;0;367.8991889953613;28.968299865722656;92486.95790335396;83570.59714269638;4599.001194101312;4317.38;[138.19, 83.19, 139.19, 99.19, 108.19, 123.19, 73.19, 125.19, 123.19, 42.17, 50.34, 59.71, 113.19, 75.19, 65.19, 33.06, 128.19, 61.08, 66.19, 63.08, 108.19, 82.19, 85.19, 43.74, 110.19, 122.19, 112.19, 58.71, 57.41, 51.6, 60.08, 93.19, 85.19, 139.19, 128.19, 73.19, 139.19, 55.41, 63.08, 73.19, 116.19, 27.13, 53.83, 112.19, 139.19, 74.19, 36.25, 45.54, 65.08, 136.19];112.06;[2, 1, 5, 1, 2, 6, 4, 1, 3, 1, 3, 3, 1, 3, 3, 1, 1, 1, 3, 1, 1, 1, 1, 1, 2, 3, 3, 1, 1, 4, 1, 2, 1, 3, 1, 1, 1, 3, 1, 2];5
50;90;50;1;True;2000;1;0;0;0;0;0;0;375.01373529434204;40.87164330482483;112834.07718951601;102735.79181480408;5109.214137791058;4989.060000000001;[129.78, 76.31, 77.65, 129.78, 129.78, 97.15, 81.34, 119.15, 113.15, 93.15, 52.53, 97.15, 116.15, 93.15, 114.15, 117.15, 73.63, 79.0, 129.78, 112.15, 108.15, 36.93, 103.15, 96.15, 113.15, 91.15, 70.75, 129.78, 86.78, 114.15, 110.15, 71.75, 89.15, 129.78, 78.65, 114.15, 129.78, 63.97, 70.75, 123.15, 81.34, 125.78, 83.58, 129.78, 67.68, 70.75, 77.31, 129.78, 129.78, 129.78];92.85;[6, 1, 1, 2, 3, 3, 2, 2, 1, 1, 1, 1, 3, 1, 1, 2, 2, 1, 2, 2, 2, 1, 2, 3, 3, 2, 2, 1, 2, 1, 2, 4, 5, 1, 3, 1, 3, 1, 2, 1, 1, 3, 2, 4];5
50;90;50;2;True;2000;1;0;0;0;0;0;0;408.10866355895996;33.74028515815735;104405.44763859772;94091.10972833633;5562.475584435348;4751.730000000001;[73.08, 129.38, 117.38, 78.35, 94.38, 124.38, 65.55, 63.58, 47.95, 136.38, 72.28, 147.38, 79.35, 105.38, 78.35, 78.35, 44.68, 83.62, 109.38, 58.6, 143.38, 95.38, 101.38, 105.38, 126.38, 127.38, 72.28, 84.62, 63.58, 84.62, 116.38, 72.28, 96.38, 80.35, 92.38, 141.38, 109.38, 147.38, 52.6, 89.38, 108.38, 74.35, 87.38, 98.38, 73.08, 87.38, 80.35, 147.38, 85.62, 119.38];102.69999999999999;[1, 3, 1, 3, 1, 1, 3, 2, 2, 2, 6, 2, 2, 2, 2, 1, 1, 4, 2, 1, 1, 6, 4, 1, 1, 1, 3, 1, 3, 1, 3, 3, 2, 4, 1, 2, 2, 2, 4, 1, 2];5
50;90;50;3;True;2000;1;0;0;0;0;0;0;458.4204468727112;49.26692056655884;117212.0618248593;106667.06531095505;5424.915112847513;5119.880000000001;[117.1, 103.1, 135.1, 111.1, 128.1, 76.1, 70.81, 111.1, 151.1, 111.1, 55.03, 97.1, 156.1, 98.1, 81.1, 108.1, 68.98, 93.1, 67.25, 126.1, 84.1, 125.1, 156.1, 81.1, 85.1, 92.1, 156.1, 52.08, 81.1, 156.1, 64.1, 135.1, 111.1, 125.1, 102.1, 105.1, 103.1, 87.1, 124.1, 119.1, 86.1, 107.1, 87.1, 77.1, 96.1, 84.1, 85.1, 114.1, 100.1, 72.33];104.02;[3, 1, 1, 2, 4, 1, 1, 3, 2, 6, 2, 2, 3, 1, 2, 1, 1, 4, 2, 3, 4, 1, 1, 2, 1, 2, 1, 2, 5, 3, 2, 2, 1, 3, 1, 2, 2, 1, 1, 2, 1, 1, 2, 2];5
50;90;50;4;True;2000;1;0;0;0;0;0;0;414.7497282028198;40.357892751693726;112984.39457449649;102397.94693279266;5528.827523606937;5057.7300000000005;[65.19, 108.35, 68.74, 121.35, 141.35, 115.35, 84.35, 79.8, 59.5, 144.35, 57.73, 104.35, 59.5, 92.35, 107.35, 134.35, 90.35, 110.35, 112.35, 92.35, 144.35, 53.09, 84.35, 101.35, 76.76, 85.35, 108.35, 53.09, 113.35, 92.35, 137.35, 102.35, 115.35, 136.35, 104.35, 109.35, 88.35, 92.35, 100.35, 117.35, 100.35, 92.35, 126.35, 144.35, 128.35, 104.35, 144.35, 77.88, 93.35, 80.8];91.25999999999999;[1, 2, 1, 3, 3, 2, 3, 1, 3, 1, 2, 1, 2, 1, 2, 3, 1, 3, 1, 2, 2, 1, 3, 1, 1, 3, 4, 3, 3, 2, 2, 2, 3, 3, 1, 2, 2, 2, 1, 7, 1, 3];6
50;90;50;5;True;2000;1;0;0;0;0;0;0;380.8719334602356;33.59187126159668;106660.6611468322;96656.9874215126;5313.685406078606;4689.909999999996;[85.95, 130.95, 89.95, 100.95, 56.71, 122.95, 90.95, 57.71, 113.95, 69.53, 96.95, 3.0, 73.81, 94.95, 72.81, 133.95, 61.52, 59.93, 133.95, 90.95, 128.95, 133.95, 123.95, 77.95, 34.39, 123.95, 60.52, 66.39, 133.95, 133.95, 117.95, 103.95, 117.95, 108.95, 94.95, 133.95, 41.6, 95.95, 122.95, 83.95, 80.95, 117.95, 78.95, 73.81, 107.95, 48.98, 113.95, 133.95, 74.95, 76.95];130.95;[4, 3, 2, 1, 1, 2, 1, 1, 4, 2, 1, 3, 1, 3, 1, 3, 1, 2, 1, 2, 1, 4, 8, 2, 3, 2, 2, 2, 1, 3, 1, 1, 3, 2, 4, 3, 5, 3, 1];7
50;90;50;6;True;2000;1;0;0;0;0;0;0;474.8942141532898;43.44831418991089;117073.69500658939;107039.56015872955;5185.654188960206;4848.31;[89.57, 82.57, 147.57, 96.57, 119.57, 136.57, 86.57, 135.57, 155.57, 64.43, 61.22, 74.43, 146.57, 86.57, 70.43, 50.11, 161.57, 77.43, 76.43, 85.57, 91.57, 81.57, 94.57, 57.69, 120.57, 110.57, 96.57, 73.43, 66.43, 68.43, 79.43, 113.57, 99.57, 143.57, 133.57, 90.57, 132.57, 71.43, 74.43, 98.57, 161.57, 49.17, 69.43, 130.57, 141.57, 80.43, 50.11, 55.89, 80.43, 125.57];112.39999999999999;[1, 4, 1, 5, 4, 2, 6, 1, 3, 5, 2, 1, 1, 5, 2, 2, 2, 1, 2, 2, 1, 1, 2, 1, 3, 4, 1, 1, 2, 1, 1, 2, 5, 2, 2, 3, 2, 2, 2];5
50;100;50;1;True;2000;1;0;0;0;0;0;0;403.4110803604126;41.02244973182678;123134.92435709626;112450.26648235321;5656.139520589132;5028.58;[133.47, 99.86, 71.07, 133.47, 133.47, 81.38, 78.95, 133.47, 133.47, 80.67, 55.44, 84.1, 133.47, 116.47, 109.84, 107.19, 72.78, 86.82, 133.47, 133.47, 111.47, 54.43, 93.35, 104.19, 108.84, 96.1, 84.1, 116.47, 76.23, 91.35, 107.84, 67.46, 86.82, 93.35, 74.5, 133.47, 122.47, 62.48, 69.07, 133.47, 79.67, 130.47, 77.95, 133.47, 64.81, 76.23, 72.78, 131.47, 133.47, 128.47];79.03999999999999;[5, 2, 1, 2, 5, 1, 2, 3, 1, 1, 5, 3, 1, 2, 2, 2, 2, 4, 2, 1, 2, 5, 2, 1, 2, 2, 2, 2, 1, 1, 6, 2, 1, 1, 4, 1, 2, 3, 2, 1, 1, 3, 3, 3];5
50;100;50;2;True;2000;1;0;0;0;0;0;0;481.6317048072815;40.75176644325256;123922.45398488441;112892.97961091995;6350.018685795496;4679.4000000000015;[75.45, 99.03, 114.03, 73.45, 93.03, 151.03, 71.45, 65.13, 51.92, 112.03, 70.54, 151.03, 75.45, 151.03, 69.54, 84.69, 52.38, 83.69, 101.03, 60.09, 128.03, 103.03, 84.69, 104.03, 125.03, 151.03, 74.45, 112.03, 66.15, 93.03, 119.03, 69.54, 89.03, 78.51, 83.69, 150.03, 127.03, 119.03, 59.1, 91.03, 92.03, 66.13, 80.51, 90.03, 74.45, 76.51, 75.45, 109.03, 84.69, 97.03];99.11;[1, 2, 2, 1, 4, 2, 1, 2, 1, 2, 6, 3, 1, 2, 1, 1, 2, 1, 3, 3, 3, 2, 4, 4, 1, 4, 4, 1, 3, 2, 3, 3, 2, 2, 2, 2, 3, 1, 2, 1, 1, 3, 1, 3, 1, 1];5
50;100;50;3;True;2000;1;0;0;0;0;0;0;495.32118940353394;49.470895767211914;131501.5549960185;120259.07252979279;6019.854168724937;5222.45;[88.5, 123.5, 128.5, 86.5, 131.5, 77.5, 65.13, 117.5, 157.5, 148.5, 58.45, 89.5, 161.5, 118.5, 70.5, 94.5, 81.5, 77.5, 62.79, 161.5, 88.5, 145.5, 130.5, 73.5, 79.5, 90.5, 161.5, 51.51, 87.5, 118.5, 65.83, 146.5, 119.5, 110.5, 106.5, 113.5, 101.5, 103.5, 91.5, 121.5, 96.5, 157.5, 89.5, 78.5, 101.5, 80.5, 105.5, 135.5, 99.5, 69.74];109.99000000000001;[4, 4, 2, 1, 3, 1, 1, 1, 2, 3, 1, 2, 2, 1, 2, 2, 1, 6, 2, 2, 4, 1, 1, 4, 2, 2, 3, 1, 1, 4, 5, 1, 3, 1, 1, 3, 1, 2, 3, 2, 1, 4, 3, 3, 1];5
50;100;50;4;True;2000;1;0;0;0;0;0;0;444.2066059112549;44.100226402282715;129230.60692212358;118165.20526218414;6196.776053110833;4868.589999999998;[71.31, 98.54, 67.64, 115.54, 138.54, 100.54, 139.54, 76.54, 59.65, 127.54, 55.78, 117.54, 58.39, 84.54, 105.54, 133.54, 84.54, 132.54, 79.54, 82.54, 132.54, 53.21, 78.54, 95.54, 75.54, 83.54, 91.54, 49.99, 104.54, 78.54, 139.54, 101.54, 115.54, 96.54, 93.54, 104.54, 89.54, 85.54, 109.54, 104.54, 111.54, 92.54, 120.54, 125.54, 130.54, 102.54, 139.54, 73.24, 84.54, 74.24];89.54999999999998;[1, 2, 2, 3, 3, 2, 3, 1, 1, 3, 2, 1, 1, 1, 1, 4, 4, 1, 3, 1, 1, 1, 1, 1, 2, 4, 4, 3, 2, 1, 2, 3, 3, 4, 4, 1, 3, 4, 3, 3, 7, 1, 2];6
50;100;50;5;True;2000;1;0;0;0;0;0;0;445.47541427612305;45.9318163394928;130024.20887065266;119436.15109395981;5911.624891839769;4676.379999999999;[85.36, 119.04, 99.04, 98.04, 68.11, 119.04, 87.39, 70.58, 110.04, 78.36, 110.04, 3.0, 75.79, 79.36, 91.04, 119.04, 78.1, 66.92, 104.04, 105.04, 113.04, 117.04, 119.04, 91.04, 39.9, 119.04, 61.92, 66.26, 119.04, 119.04, 96.04, 96.04, 119.04, 101.04, 89.04, 119.04, 33.58, 106.04, 119.04, 91.04, 81.65, 119.04, 97.04, 74.79, 119.04, 56.99, 110.04, 119.04, 106.04, 90.04];116.04;[5, 4, 3, 1, 1, 2, 1, 1, 3, 1, 2, 2, 1, 1, 3, 5, 3, 3, 2, 1, 1, 6, 7, 1, 4, 2, 1, 1, 2, 2, 4, 1, 1, 4, 2, 4, 1, 4, 5, 1, 1];6
50;100;50;6;True;2000;1;0;0;0;0;0;0;436.8334560394287;47.2161431312561;132398.65637598906;121764.50190114975;5760.904402713238;4873.1900000000005;[97.42, 99.42, 128.42, 113.42, 128.42, 128.42, 88.42, 128.42, 127.42, 59.76, 64.49, 81.54, 127.42, 115.42, 86.54, 56.08, 113.42, 79.54, 77.54, 128.42, 101.42, 99.42, 120.42, 59.76, 128.42, 128.42, 126.42, 76.54, 77.54, 83.54, 89.42, 101.42, 94.42, 128.42, 99.42, 95.42, 128.42, 72.54, 80.54, 108.42, 113.42, 36.65, 72.54, 128.42, 83.54, 83.54, 54.21, 62.62, 86.54, 121.42];91.76999999999998;[1, 1, 3, 2, 1, 4, 3, 4, 4, 2, 1, 3, 3, 2, 2, 1, 2, 3, 2, 6, 3, 1, 3, 2, 2, 2, 1, 2, 2, 3, 4, 1, 2, 5, 1, 1, 1, 3, 1, 2, 2, 2, 1, 2, 1];5
60;60;60;1;True;2000;1;0;0;0;0;0;0;252.6384835243225;32.23020339012146;63715.975357232215;56845.96571969986;3489.7315559436106;3380.119999999998;[79.33, 36.85, 44.33, 85.33, 80.33, 53.33, 35.81, 85.33, 53.33, 35.81, 12.56, 60.33, 77.33, 58.33, 72.33, 71.33, 27.52, 45.33, 85.33, 60.33, 66.33, 4.01, 61.33, 85.33, 46.33, 74.33, 31.56, 85.33, 38.92, 85.33, 52.33, 17.46, 49.33, 85.33, 44.33, 85.33, 85.33, 20.51, 28.95, 78.33, 39.92, 58.33, 38.92, 58.33, 28.04, 28.62, 32.43, 85.33, 85.33, 85.33, 40.33, 67.33, 46.33, 24.45, 76.33, 42.33, 85.33, 50.33, 80.33, 39.92];81.32;[1, 1, 2, 2, 2, 1, 1, 1, 2, 1, 1, 2, 1, 1, 2, 3, 2, 5, 3, 1, 4, 1, 1, 1, 4, 3, 3, 1, 1, 1, 2, 2, 1];4
60;60;60;2;True;2000;1;0;0;0;0;0;0;341.7244920730591;30.161133289337158;67021.27327959015;60118.91783809662;3634.6005463051583;3267.9199999999987;[62.1, 93.1, 68.1, 35.26, 42.07, 100.1, 39.26, 21.24, 14.87, 75.1, 33.26, 98.1, 34.26, 56.1, 32.26, 22.86, 11.18, 67.1, 62.1, 16.7, 122.1, 75.1, 47.1, 89.1, 112.1, 38.26, 27.66, 32.26, 20.24, 33.26, 104.1, 23.47, 61.1, 42.07, 64.1, 122.1, 92.1, 49.1, 15.87, 51.1, 53.1, 25.06, 56.1, 59.1, 31.26, 46.1, 43.07, 122.1, 49.1, 67.1, 54.1, 50.1, 52.1, 22.86, 63.1, 101.1, 70.1, 10.63, 39.26, 45.07];111.47;[1, 2, 1, 1, 1, 2, 2, 1, 2, 1, 2, 1, 2, 5, 2, 5, 1, 1, 2, 5, 1, 1, 2, 1, 5, 1, 1, 1, 1, 2, 1, 3];4
60;60;60;3;True;2000;1;0;0;0;0;0;0;290.1759948730469;26.08879017829895;58780.47866975039;52536.856991291046;3482.927989613635;2760.799999999998;[40.99, 89.99, 51.99, 101.99, 64.99, 31.99, 16.88, 50.99, 44.99, 51.99, 11.56, 27.12, 101.99, 38.99, 22.5, 29.04, 23.64, 29.04, 17.15, 75.99, 22.5, 42.99, 99.99, 22.5, 35.99, 24.64, 61.99, 16.63, 29.04, 78.99, 15.62, 65.99, 51.99, 81.99, 41.99, 43.99, 44.99, 37.99, 78.99, 64.99, 34.99, 74.99, 33.99, 18.51, 41.99, 25.78, 31.88, 76.99, 32.99, 13.69, 32.99, 12.58, 83.99, 71.99, 23.64, 68.99, 10.25, 44.99, 76.99, 60.99];91.74;[1, 5, 2, 4, 1, 1, 3, 3, 1, 3, 2, 2, 2, 1, 1, 3, 2, 2, 2, 1, 1, 1, 2, 1, 1, 2, 1, 3, 1, 5];4
60;60;60;4;True;2000;1;0;0;0;0;0;0;299.5174355506897;26.840687036514282;65391.030320179336;58604.69194698334;3384.731485995886;3401.510000000003;[23.6, 77.42, 18.15, 69.42, 104.42, 104.42, 42.42, 37.42, 17.08, 98.42, 16.15, 77.42, 29.42, 50.42, 88.42, 91.42, 57.42, 72.42, 55.42, 44.42, 104.42, 10.4, 33.42, 52.42, 40.42, 39.42, 51.42, 18.74, 71.42, 47.42, 82.42, 45.42, 93.42, 64.42, 51.42, 59.42, 53.42, 33.42, 64.42, 102.42, 50.42, 34.42, 103.42, 61.42, 57.42, 55.42, 78.42, 37.42, 45.42, 31.42, 46.42, 42.42, 80.42, 28.42, 95.42, 64.42, 46.42, 77.42, 42.42, 27.13];94.02;[2, 1, 3, 5, 1, 2, 2, 2, 1, 2, 2, 4, 1, 2, 1, 1, 1, 1, 1, 3, 2, 1, 1, 3, 2, 4, 2, 1, 1, 3, 2];4
60;60;60;5;True;2000;1;0;0;0;0;0;0;289.8475112915039;28.558615922927856;60144.232731892036;52635.570670604706;3605.82599939216;3902.8099999999995;[52.91, 86.54, 40.17, 78.54, 18.62, 85.54, 68.59, 31.65, 75.54, 37.19, 112.27, 1.0, 39.19, 68.59, 53.91, 91.68, 25.46, 27.44, 70.72, 74.54, 123.27, 93.68, 123.27, 49.91, 2.43, 102.27, 17.53, 33.19, 116.27, 123.27, 49.91, 66.59, 106.27, 68.59, 66.59, 123.27, 9.58, 83.54, 62.44, 46.13, 48.23, 94.68, 62.44, 57.06, 53.91, 10.58, 106.27, 54.91, 88.54, 49.91, 59.06, 36.11, 101.27, 79.54, 53.91, 59.06, 54.91, 45.15, 55.91, 123.27];122.27;[1, 1, 1, 1, 3, 1, 3, 1, 1, 1, 4, 1, 2, 5, 2, 1, 1, 2, 1, 1, 2, 3, 1, 2, 2, 4, 1, 1, 1, 2, 2, 2, 3];4
60;60;60;6;True;2000;1;0;0;0;0;0;0;330.46552896499634;30.062963724136353;68940.4596219649;62219.94414949417;3263.313253582305;3457.170000000001;[49.96, 44.96, 123.96, 69.96, 59.96, 94.96, 60.96, 104.96, 65.96, 23.96, 39.96, 51.96, 102.96, 53.96, 46.96, 10.18, 58.96, 29.96, 54.96, 123.96, 36.96, 62.96, 51.96, 24.96, 85.96, 85.96, 88.96, 37.96, 32.96, 26.96, 41.96, 55.96, 56.96, 102.96, 89.96, 54.96, 91.96, 29.96, 31.96, 62.96, 91.96, 21.96, 32.96, 79.96, 73.96, 47.96, 16.97, 21.96, 56.96, 66.96, 110.96, 10.18, 13.07, 28.96, 76.96, 43.96, 123.96, 41.96, 46.96, 19.97];113.78;[3, 2, 1, 2, 4, 3, 2, 1, 3, 1, 2, 1, 4, 1, 2, 1, 1, 2, 1, 2, 2, 1, 2, 1, 1, 1, 1, 1, 3, 1, 2, 4, 1];3
60;70;60;1;True;2000;1;0;0;0;0;0;0;369.3632173538208;36.941385984420776;78497.46577926895;70138.8935251236;4173.52142450306;4185.220000000002;[125.69, 51.69, 39.72, 140.69, 120.69, 55.69, 82.69, 103.69, 57.69, 55.69, 12.47, 55.69, 103.69, 61.69, 74.69, 81.69, 45.67, 73.69, 110.69, 66.69, 69.69, 5.7, 85.69, 51.69, 67.69, 70.69, 33.78, 89.69, 47.96, 82.69, 68.69, 20.3, 61.69, 91.69, 53.69, 102.69, 140.69, 21.17, 38.72, 97.69, 42.37, 76.69, 43.02, 57.69, 35.74, 41.04, 41.04, 127.69, 89.69, 140.69, 44.67, 121.69, 56.69, 32.9, 71.69, 42.37, 108.69, 54.69, 81.69, 51.6];134.99;[4, 3, 3, 1, 1, 1, 2, 1, 3, 1, 1, 1, 1, 2, 2, 1, 2, 3, 5, 5, 1, 3, 1, 2, 1, 1, 3, 3, 3, 3, 1, 1, 3, 1];4
60;70;60;2;True;2000;1;0;0;0;0;0;0;346.18184757232666;25.856907844543457;73258.71635410239;66032.51467370987;3999.571519154491;3226.7199999999966;[48.7, 117.7, 61.7, 45.7, 41.7, 99.7, 33.7, 28.7, 21.64, 117.7, 34.7, 79.7, 33.7, 55.7, 33.7, 36.7, 16.92, 48.7, 65.7, 23.69, 117.7, 59.7, 41.7, 110.7, 70.7, 66.7, 31.7, 36.7, 28.7, 37.7, 91.7, 29.7, 50.7, 41.7, 70.7, 117.7, 83.7, 56.7, 28.7, 46.7, 34.7, 30.7, 52.7, 59.7, 43.7, 47.7, 38.7, 73.7, 40.7, 70.7, 40.7, 43.7, 55.7, 26.7, 75.7, 84.7, 55.7, 11.27, 36.7, 36.7];106.43;[4, 1, 2, 2, 3, 1, 1, 2, 2, 1, 2, 1, 3, 2, 4, 4, 2, 1, 3, 7, 1, 1, 1, 1, 1, 1, 2, 2, 1, 1, 1, 3, 1, 1, 3, 1];6
60;70;60;3;True;2000;1;0;0;0;0;0;0;449.9248466491699;45.84419798851013;80880.58355405336;73130.43917608261;3962.37863446176;3787.7400000000002;[46.59, 96.27, 64.43, 66.15, 102.27, 35.39, 30.99, 71.71, 56.96, 78.27, 12.3, 40.86, 130.27, 47.61, 44.72, 75.61, 35.39, 37.31, 32.47, 108.27, 49.82, 64.43, 106.27, 34.88, 43.72, 45.59, 93.27, 23.62, 40.86, 62.4, 28.63, 157.27, 72.58, 86.27, 69.53, 59.4, 80.27, 64.43, 72.58, 64.43, 54.21, 82.27, 57.96, 32.98, 53.9, 39.51, 55.21, 74.58, 50.23, 27.63, 45.59, 29.91, 115.27, 65.43, 38.34, 108.27, 25.33, 108.27, 111.27, 77.49];144.97;[2, 4, 1, 1, 1, 1, 3, 1, 3, 6, 2, 1, 4, 1, 3, 3, 2, 1, 2, 3, 2, 2, 1, 1, 1, 1, 1, 2, 1, 2, 5, 1, 1, 4];5
60;70;60;4;True;2000;1;0;0;0;0;0;0;356.4219903945923;33.2660858631134;79827.07058415317;71913.1327214241;4329.702521240013;3584.2199999999957;[25.22, 89.22, 21.22, 65.22, 88.22, 116.22, 99.22, 38.22, 28.22, 90.22, 28.22, 69.22, 27.22, 49.22, 112.22, 116.22, 57.22, 67.22, 55.22, 36.22, 73.22, 19.22, 31.22, 50.22, 33.22, 38.22, 56.22, 21.22, 86.22, 49.22, 72.22, 45.22, 113.22, 68.22, 52.22, 75.22, 56.22, 44.22, 51.22, 104.22, 53.22, 39.22, 98.22, 108.22, 64.22, 57.22, 101.22, 41.22, 46.22, 32.22, 46.22, 42.22, 95.22, 32.22, 65.22, 65.22, 45.22, 77.22, 39.22, 15.24];100.98;[3, 1, 2, 6, 1, 3, 1, 2, 3, 1, 1, 1, 4, 2, 1, 1, 1, 1, 1, 2, 4, 2, 1, 1, 2, 1, 4, 4, 1, 3, 1, 1, 1, 3, 2, 1];5
60;70;60;5;True;2000;1;0;0;0;0;0;0;336.0004563331604;30.211767196655273;69866.01958801605;61448.43569803238;4297.9077699657555;4119.7;[58.39, 67.63, 44.65, 62.39, 29.83, 95.63, 77.63, 37.38, 88.63, 39.13, 101.63, 1.0, 46.83, 63.39, 48.47, 137.63, 35.64, 35.64, 59.39, 78.63, 120.63, 108.63, 137.63, 50.5, 2.43, 97.63, 29.83, 36.23, 92.63, 137.63, 59.39, 66.63, 96.63, 61.39, 64.39, 137.63, 19.89, 98.63, 137.63, 53.39, 49.47, 95.63, 54.39, 49.47, 54.39, 16.59, 117.63, 79.63, 60.39, 54.39, 51.5, 42.09, 114.63, 84.63, 51.5, 64.39, 49.5, 47.47, 47.47, 115.63];136.63;[2, 1, 1, 1, 1, 1, 2, 1, 1, 2, 3, 1, 1, 3, 4, 1, 1, 2, 2, 2, 1, 2, 2, 1, 2, 3, 3, 1, 1, 1, 1, 3, 3, 2, 1, 1, 2, 1, 2, 1, 3];3
60;70;60;6;True;2000;1;0;0;0;0;0;0;362.0517621040344;39.68280911445618;86967.47856438013;78829.22341060638;4163.4832860217175;3974.940000000003;[57.92, 85.92, 119.92, 83.92, 66.92, 119.92, 68.92, 104.92, 73.92, 29.09, 31.45, 58.92, 104.92, 94.92, 46.92, 17.75, 63.92, 42.92, 51.92, 104.92, 58.92, 58.92, 59.92, 34.37, 80.92, 76.92, 86.92, 44.92, 48.92, 35.98, 50.92, 70.92, 70.92, 90.92, 92.92, 73.92, 90.92, 40.92, 48.92, 71.92, 98.92, 20.92, 42.92, 119.92, 88.92, 53.92, 22.58, 31.14, 72.92, 119.92, 119.92, 9.59, 18.01, 42.92, 69.92, 52.92, 119.92, 53.92, 58.92, 36.98];110.33;[1, 3, 4, 1, 6, 5, 4, 2, 4, 2, 1, 1, 1, 1, 1, 1, 2, 2, 1, 1, 2, 1, 1, 1, 1, 1, 2, 1, 1, 1, 3, 1, 2, 4, 2, 2];5
60;80;60;1;True;2000;1;0;0;0;0;0;0;391.6405305862427;46.75269269943237;93169.05998144601;83760.63324069977;4660.868974387562;4747.480000000002;[93.55, 63.83, 51.58, 139.55, 78.55, 64.83, 80.55, 120.55, 68.55, 63.83, 50.2, 70.55, 141.55, 71.55, 88.55, 81.55, 54.79, 58.83, 121.55, 93.55, 81.55, 8.27, 104.55, 93.55, 84.55, 83.55, 52.79, 97.55, 61.83, 108.55, 71.55, 32.35, 76.55, 84.55, 67.72, 95.55, 141.55, 31.35, 48.17, 114.55, 57.33, 95.55, 60.83, 70.55, 43.18, 50.2, 51.58, 113.55, 120.55, 117.55, 72.55, 93.55, 65.72, 39.92, 90.55, 58.28, 103.55, 81.55, 94.55, 67.72];133.28;[1, 1, 1, 2, 2, 1, 1, 1, 1, 5, 1, 1, 3, 1, 1, 3, 3, 1, 1, 1, 1, 2, 2, 2, 4, 5, 1, 1, 4, 2, 1, 1, 1, 1, 1, 4, 3, 1, 1, 1, 2, 3, 2, 1, 1];4
60;80;60;2;True;2000;1;0;0;0;0;0;0;427.6817650794983;54.96772575378418;97663.0669803313;88954.45576381683;4734.000947297458;3974.389999999997;[77.87, 108.87, 73.87, 88.87, 59.87, 127.87, 40.14, 37.14, 32.34, 104.87, 45.87, 94.87, 46.87, 63.87, 42.14, 62.87, 24.92, 74.87, 87.87, 31.34, 122.87, 130.87, 60.87, 71.87, 82.87, 93.87, 40.14, 44.14, 35.14, 46.87, 80.87, 37.14, 55.87, 53.87, 59.87, 123.87, 91.87, 65.87, 41.14, 55.87, 72.87, 41.14, 65.87, 80.87, 49.87, 59.87, 61.87, 107.87, 50.87, 76.87, 95.87, 53.87, 57.87, 31.34, 81.87, 86.87, 69.87, 10.9, 49.87, 45.14];119.97;[1, 2, 1, 5, 2, 1, 1, 3, 2, 3, 1, 1, 2, 1, 3, 2, 2, 2, 2, 2, 1, 3, 1, 1, 6, 3, 1, 2, 1, 1, 1, 2, 2, 1, 1, 3, 3, 1, 3, 1, 2, 1];5
60;80;60;3;True;2000;1;0;0;0;0;0;0;403.01379013061523;46.52424144744873;90281.81750355211;81311.89286088943;4768.493996484554;4201.529999999998;[58.66, 91.79, 74.83, 96.79, 76.83, 39.55, 40.79, 73.83, 84.4, 85.79, 37.01, 56.66, 116.79, 74.83, 47.71, 53.09, 47.71, 48.07, 40.55, 109.79, 54.07, 87.79, 115.79, 40.95, 47.71, 49.72, 109.79, 37.67, 54.07, 89.79, 40.55, 127.79, 68.66, 79.83, 80.83, 61.66, 62.66, 77.83, 62.66, 78.83, 59.66, 90.79, 64.66, 45.35, 66.66, 53.09, 68.66, 89.79, 55.07, 46.35, 59.66, 39.55, 93.79, 105.79, 44.23, 130.79, 33.5, 83.83, 100.79, 85.4];97.28999999999999;[1, 2, 3, 3, 1, 3, 1, 4, 1, 1, 1, 4, 2, 3, 1, 2, 1, 2, 5, 2, 2, 1, 1, 2, 1, 1, 1, 1, 1, 1, 1, 3, 1, 3, 2, 1, 6, 2, 2, 4];5
60;80;60;4;True;2000;1;0;0;0;0;0;0;425.07966661453247;48.196112394332886;100873.69785992817;91022.41939496994;5037.191620389631;4814.130000000002;[43.28, 89.28, 40.28, 83.28, 108.28, 143.28, 125.28, 66.28, 49.28, 91.28, 50.28, 133.28, 42.28, 73.28, 96.28, 90.28, 75.28, 97.28, 75.28, 55.28, 143.28, 36.28, 57.28, 72.28, 61.28, 63.28, 107.28, 39.28, 112.28, 65.28, 105.28, 65.28, 120.28, 103.28, 77.28, 74.28, 90.28, 52.28, 68.28, 83.28, 67.28, 60.28, 125.28, 120.28, 82.28, 87.28, 132.28, 59.28, 63.28, 51.28, 69.28, 57.28, 99.28, 49.28, 103.28, 78.28, 60.28, 133.28, 55.28, 33.61];109.67;[2, 2, 5, 2, 1, 2, 1, 3, 3, 2, 2, 1, 3, 4, 2, 1, 1, 3, 5, 2, 2, 2, 3, 1, 1, 1, 1, 2, 1, 3, 2, 3, 2, 1, 1, 1, 1, 3, 1, 1];4
60;80;60;5;True;2000;1;0;0;0;0;0;0;388.72030687332153;52.607383251190186;95591.83981750702;85629.55300235748;4840.888438148946;5121.490000000004;[72.79, 101.51, 67.2, 87.51, 30.0, 108.51, 109.51, 41.84, 102.51, 61.1, 129.51, 1.0, 60.1, 93.51, 71.79, 142.51, 53.56, 51.56, 81.51, 97.51, 119.51, 132.51, 142.51, 76.51, 17.7, 123.51, 45.77, 50.28, 108.51, 142.51, 81.51, 79.51, 113.51, 80.51, 88.51, 142.51, 25.44, 111.51, 122.51, 63.2, 64.86, 92.51, 74.79, 73.79, 87.51, 39.68, 109.51, 80.51, 84.51, 97.51, 113.51, 58.39, 106.51, 111.51, 71.79, 86.51, 81.51, 70.79, 68.2, 114.51];141.51;[1, 1, 2, 2, 1, 6, 1, 3, 5, 1, 1, 3, 1, 2, 1, 1, 1, 3, 2, 1, 2, 1, 1, 2, 1, 3, 1, 1, 1, 3, 3, 2, 4, 3, 4, 1, 4, 1, 1, 2];5
60;80;60;6;True;2000;1;0;0;0;0;0;0;410.8549733161926;49.982176780700684;99321.53624887178;90101.61373758316;4673.1355550469225;4546.950000000001;[68.94, 82.94, 87.94, 83.94, 102.94, 90.94, 65.94, 101.94, 130.94, 38.4, 48.61, 62.94, 73.94, 96.94, 54.51, 17.97, 76.94, 56.94, 63.94, 95.94, 62.94, 69.94, 68.94, 43.62, 117.94, 122.94, 124.94, 55.94, 52.75, 47.61, 62.94, 92.94, 81.94, 134.94, 110.94, 76.94, 82.94, 47.61, 59.94, 124.94, 134.94, 20.73, 50.69, 127.94, 73.94, 62.94, 31.57, 41.67, 67.94, 109.94, 134.94, 9.59, 20.73, 52.02, 72.94, 65.94, 134.94, 64.94, 66.94, 54.51];125.35;[1, 1, 2, 1, 1, 1, 6, 2, 3, 1, 2, 1, 1, 1, 1, 1, 5, 1, 1, 2, 1, 2, 1, 2, 2, 1, 5, 2, 1, 1, 2, 3, 1, 1, 1, 1, 5, 1, 1, 1, 2, 4, 2, 2];5
60;90;60;1;True;2000;1;0;0;0;0;0;0;447.90652656555176;59.70497393608093;111988.622585209;101676.70062017441;5107.978821403088;5203.959999999997;[101.36, 70.36, 75.36, 126.36, 89.36, 74.36, 50.43, 143.36, 74.36, 67.36, 59.13, 84.36, 107.36, 83.36, 98.36, 92.36, 62.35, 81.36, 91.36, 88.36, 85.36, 36.91, 80.36, 104.36, 97.36, 91.36, 55.64, 113.36, 77.36, 104.36, 79.36, 38.8, 72.36, 110.36, 76.36, 108.36, 135.36, 42.01, 58.83, 137.36, 63.35, 112.36, 92.36, 86.36, 50.43, 60.92, 58.83, 148.36, 106.36, 130.36, 75.36, 114.36, 67.36, 53.41, 101.36, 66.36, 101.36, 88.36, 133.36, 66.36];111.45000000000002;[3, 1, 1, 2, 1, 5, 1, 1, 1, 2, 3, 2, 1, 1, 1, 1, 3, 2, 1, 3, 1, 2, 2, 1, 2, 1, 4, 1, 5, 2, 3, 1, 2, 1, 3, 4, 3, 3, 3, 1, 2, 1, 2, 2, 2];4
60;90;60;2;True;2000;1;0;0;0;0;0;0;477.98881435394287;68.05526471138;119213.10231054203;109142.0979976654;5494.33009242187;4576.490000000003;[82.84, 116.84, 121.84, 85.84, 67.84, 124.84, 52.42, 57.84, 42.62, 108.84, 69.84, 95.84, 53.42, 89.84, 56.84, 64.84, 42.62, 104.84, 92.84, 48.42, 103.84, 65.84, 69.84, 88.84, 126.84, 67.84, 49.42, 63.84, 45.42, 55.84, 126.84, 46.42, 79.84, 63.84, 96.84, 126.84, 118.84, 81.84, 44.42, 83.84, 52.42, 50.42, 70.84, 76.84, 55.84, 61.84, 59.84, 126.84, 58.84, 126.84, 75.84, 61.84, 66.84, 46.42, 81.84, 95.84, 74.84, 35.41, 54.42, 54.42];91.43;[1, 1, 3, 2, 1, 1, 2, 2, 1, 3, 2, 1, 1, 4, 1, 1, 1, 2, 4, 3, 2, 1, 2, 1, 3, 3, 6, 4, 2, 1, 1, 1, 1, 3, 2, 7, 1, 4, 2, 2, 3, 1];6
60;90;60;3;True;2000;1;0;0;0;0;0;0;444.10588026046753;50.92153596878052;101262.34523204346;91618.17572641373;5411.222180002072;4232.889999999999;[50.84, 83.44, 95.11, 77.71, 67.71, 36.35, 36.35, 82.44, 87.44, 68.71, 37.83, 58.76, 135.29, 74.71, 50.84, 55.06, 40.91, 46.86, 42.67, 99.29, 48.58, 73.71, 104.29, 38.91, 50.84, 46.17, 107.29, 31.19, 49.58, 88.44, 33.35, 143.29, 75.71, 93.19, 90.19, 62.81, 69.71, 67.71, 113.29, 93.19, 59.88, 82.44, 63.81, 38.91, 83.44, 55.06, 63.81, 100.29, 63.81, 37.83, 53.89, 35.35, 105.29, 85.44, 43.95, 124.29, 28.35, 75.71, 123.29, 98.29];114.94;[2, 2, 2, 1, 3, 3, 1, 6, 2, 1, 1, 1, 1, 1, 2, 3, 1, 2, 5, 2, 4, 4, 2, 3, 3, 1, 2, 1, 2, 1, 2, 1, 2, 1, 1, 1, 1, 5, 3, 3, 5];5
60;90;60;4;True;2000;1;0;0;0;0;0;0;474.4424238204956;62.734917640686035;115409.81909125001;104844.5492773056;5534.6923894192405;5030.600000000002;[47.31, 89.31, 44.31, 92.31, 125.31, 149.31, 103.31, 89.31, 53.31, 99.31, 46.31, 126.31, 45.31, 84.31, 110.31, 148.31, 84.31, 98.31, 73.31, 63.31, 108.31, 39.31, 63.31, 81.31, 50.31, 70.31, 81.31, 46.31, 73.31, 69.31, 105.31, 87.31, 99.31, 84.31, 84.31, 83.31, 95.31, 57.31, 76.31, 99.31, 78.31, 63.31, 133.31, 112.31, 95.31, 87.31, 116.31, 61.31, 106.31, 54.31, 70.31, 64.31, 115.31, 52.31, 87.31, 84.31, 85.31, 136.31, 58.31, 40.31];110.0;[1, 2, 2, 3, 5, 1, 2, 3, 3, 1, 4, 1, 2, 3, 4, 2, 1, 2, 3, 1, 1, 1, 2, 2, 1, 1, 1, 1, 1, 2, 1, 3, 4, 1, 3, 4, 5, 1, 1, 1, 3, 1, 1, 1, 1];4
60;90;60;5;True;2000;1;0;0;0;0;0;0;392.26063346862793;48.033541679382324;103198.96971305927;92972.36898994446;5384.429781213315;4842.210000000002;[69.67, 100.19, 60.3, 76.67, 36.28, 98.19, 86.67, 46.4, 99.19, 51.46, 128.19, 1.0, 58.06, 96.19, 58.06, 128.19, 44.99, 49.79, 84.67, 80.67, 103.19, 127.19, 128.19, 71.67, 27.34, 116.19, 33.73, 40.21, 108.19, 128.19, 77.67, 86.67, 128.19, 67.67, 80.67, 128.19, 24.47, 122.19, 128.19, 55.42, 79.67, 106.19, 67.67, 61.3, 73.67, 31.72, 128.19, 92.67, 73.67, 71.67, 116.19, 52.33, 88.67, 105.19, 63.22, 80.67, 67.67, 59.06, 57.35, 127.19];127.19;[2, 1, 1, 1, 1, 1, 1, 3, 1, 1, 2, 4, 1, 1, 1, 3, 1, 1, 1, 1, 2, 3, 4, 4, 1, 3, 3, 1, 4, 3, 1, 2, 1, 2, 1, 4, 2, 3, 4, 2, 3, 1, 3, 1, 3];3
60;90;60;6;True;2000;1;0;0;0;0;0;0;436.69504833221436;73.73311567306519;125296.14039083432;115303.37045574188;5180.122452235619;4812.800000000001;[65.31, 94.31, 97.31, 117.31, 79.31, 114.31, 66.31, 102.31, 89.31, 47.2, 53.07, 65.31, 114.31, 103.31, 57.62, 36.07, 80.31, 72.31, 69.31, 117.31, 96.31, 104.31, 76.31, 56.3, 114.31, 103.31, 100.31, 59.31, 62.31, 51.57, 62.31, 103.31, 89.31, 117.31, 117.31, 69.31, 106.31, 48.77, 64.31, 93.31, 117.31, 31.44, 54.67, 111.31, 117.31, 71.31, 43.65, 44.2, 84.31, 103.31, 116.31, 9.7, 36.66, 58.31, 73.31, 83.31, 117.31, 62.31, 81.31, 57.62];107.61;[1, 1, 4, 3, 1, 6, 5, 2, 1, 2, 3, 2, 2, 1, 1, 1, 1, 1, 2, 1, 3, 2, 2, 3, 2, 1, 1, 1, 2, 6, 1, 3, 2, 1, 2, 1, 1, 3, 1, 1, 6, 2, 2];5
60;100;60;1;True;2000;1;0;0;0;0;0;0;434.8662929534912;54.1820330619812;121274.2640667367;110470.12054109573;5710.828544214559;5093.149999999999;[108.47, 66.47, 51.66, 124.47, 124.47, 73.47, 83.47, 124.47, 76.47, 71.47, 60.99, 76.47, 111.47, 96.47, 101.47, 81.47, 52.66, 73.47, 92.47, 89.47, 84.47, 23.39, 94.47, 71.47, 101.47, 102.47, 49.67, 110.47, 59.2, 124.47, 80.47, 31.79, 82.47, 111.47, 72.47, 105.47, 124.47, 42.68, 54.37, 124.47, 65.47, 105.47, 60.99, 83.47, 49.96, 62.33, 58.43, 124.47, 124.47, 124.47, 67.47, 124.47, 65.47, 49.67, 101.47, 60.99, 124.47, 58.43, 124.47, 63.73];101.08;[2, 1, 3, 3, 2, 1, 2, 1, 1, 1, 4, 1, 1, 2, 3, 1, 3, 1, 2, 3, 2, 2, 2, 1, 3, 2, 1, 2, 2, 1, 4, 1, 4, 2, 2, 2, 1, 1, 4, 3, 4, 1, 2, 2, 2, 4, 2, 2, 1];3
60;100;60;2;True;2000;1;0;0;0;0;0;0;437.82457304000854;60.126930475234985;124721.6350670665;113778.57259654999;6337.087980231528;4606.0700000000015;[80.46, 116.46, 116.46, 69.46, 83.46, 110.46, 58.3, 52.3, 40.44, 116.46, 63.46, 98.46, 59.46, 104.46, 54.3, 71.46, 41.44, 72.46, 90.46, 46.83, 116.46, 111.46, 65.46, 106.46, 106.46, 74.46, 52.3, 66.46, 44.95, 63.46, 107.46, 47.83, 72.46, 67.46, 71.46, 116.46, 96.46, 94.46, 43.95, 87.46, 54.3, 46.83, 72.46, 79.46, 69.46, 79.46, 57.3, 116.46, 64.46, 103.46, 75.46, 60.46, 65.46, 60.46, 88.46, 96.46, 88.46, 39.0, 69.46, 58.3];77.46;[1, 5, 2, 1, 1, 2, 2, 1, 2, 2, 1, 1, 2, 1, 1, 1, 3, 2, 1, 4, 2, 4, 5, 3, 2, 1, 1, 2, 2, 1, 1, 3, 3, 1, 1, 1, 1, 2, 2, 1, 5, 1, 2, 2, 1, 4, 2, 2, 1, 4, 1];4
60;100;60;3;True;2000;1;0;0;0;0;0;0;513.7638902664185;57.19406318664551;125272.46883099068;114636.20820522308;5924.146283498557;4712.040000000003;[67.18, 100.01, 86.01, 101.01, 97.01, 50.31, 48.65, 91.01, 88.01, 93.01, 47.03, 73.75, 133.01, 65.83, 62.5, 81.01, 55.83, 66.17, 60.5, 115.01, 62.5, 76.75, 126.01, 51.92, 67.18, 68.18, 138.01, 39.41, 63.83, 74.75, 48.06, 149.01, 87.01, 108.01, 91.01, 74.75, 78.75, 73.75, 62.83, 99.01, 69.54, 93.01, 71.54, 54.66, 71.54, 60.17, 86.01, 101.01, 63.83, 51.92, 72.54, 46.55, 81.01, 81.01, 53.59, 120.01, 41.96, 72.54, 117.01, 79.01];109.6;[1, 3, 1, 2, 3, 1, 4, 1, 4, 1, 4, 1, 1, 1, 1, 1, 4, 1, 4, 1, 5, 1, 2, 2, 5, 2, 4, 2, 1, 1, 1, 1, 2, 1, 2, 1, 1, 1, 2, 3, 2, 1, 2, 1, 2, 3, 2, 2, 5];4
60;100;60;4;True;2000;1;0;0;0;0;0;0;515.7027354240417;72.27696371078491;137223.6252665163;125478.81612205505;6195.201430741016;5549.590000000001;[53.71, 122.71, 51.71, 104.71, 112.71, 130.71, 118.71, 73.71, 45.88, 104.71, 54.71, 136.71, 57.71, 127.71, 136.71, 92.71, 91.71, 114.71, 85.71, 71.71, 112.71, 42.12, 80.71, 84.71, 70.71, 72.71, 92.71, 34.26, 78.71, 74.71, 112.71, 96.71, 144.71, 95.71, 90.71, 95.71, 97.71, 94.71, 85.71, 124.71, 76.71, 66.71, 144.71, 144.71, 96.71, 91.71, 144.71, 69.71, 116.71, 57.71, 81.71, 60.71, 101.71, 66.71, 98.71, 94.71, 97.71, 144.71, 69.71, 50.57];110.45000000000002;[1, 1, 3, 1, 4, 3, 1, 4, 1, 3, 3, 5, 3, 2, 2, 2, 2, 1, 1, 1, 2, 1, 2, 3, 2, 1, 2, 1, 6, 2, 1, 2, 4, 6, 1, 3, 2, 3, 2, 2, 2, 2, 2, 1, 1];5
60;100;60;5;True;2000;1;0;0;0;0;0;0;381.6222801208496;68.5123884677887;128498.1063892532;117231.44022130966;5935.125271345962;5331.480000000004;[92.29, 110.63, 71.02, 110.63, 47.92, 110.63, 110.63, 51.17, 110.63, 73.02, 110.63, 1.0, 68.03, 106.78, 76.02, 110.63, 55.29, 56.13, 99.27, 99.27, 110.63, 110.63, 110.63, 83.02, 34.6, 110.63, 49.38, 55.29, 110.63, 110.63, 94.29, 102.27, 110.63, 110.63, 87.29, 110.63, 37.51, 110.63, 110.63, 76.02, 80.02, 110.63, 80.02, 82.02, 110.63, 42.65, 110.63, 110.63, 84.29, 103.27, 103.27, 63.68, 110.63, 110.63, 72.02, 104.27, 85.29, 82.02, 66.03, 110.63];109.63;[4, 1, 1, 2, 2, 2, 3, 1, 3, 2, 1, 2, 2, 2, 3, 1, 1, 1, 4, 3, 2, 3, 2, 1, 1, 1, 3, 1, 2, 1, 2, 1, 3, 2, 1, 4, 2, 2, 2, 3, 3, 1, 4, 3, 5, 4];4
60;100;60;6;True;2000;1;0;0;0;0;0;0;479.7336530685425;72.68404388427734;139194.8076897504;128206.25608873367;5678.771063126805;5309.840000000001;[78.96, 94.14, 95.14, 104.14, 92.14, 127.14, 105.14, 109.14, 107.14, 52.51, 57.05, 75.52, 103.14, 99.14, 69.57, 29.5, 93.14, 67.44, 76.96, 127.14, 88.14, 83.96, 93.14, 55.19, 127.14, 125.14, 81.96, 74.52, 66.27, 53.85, 76.96, 101.14, 94.14, 127.14, 118.14, 101.14, 127.14, 61.53, 70.57, 118.14, 102.14, 39.67, 65.27, 125.14, 127.14, 80.96, 88.14, 49.83, 91.14, 117.14, 127.14, 9.7, 43.65, 62.58, 90.14, 90.14, 127.14, 87.14, 90.14, 85.96];117.44;[3, 1, 1, 2, 2, 7, 3, 2, 2, 1, 4, 3, 2, 1, 1, 1, 1, 1, 2, 1, 1, 4, 2, 2, 1, 2, 1, 1, 2, 3, 2, 1, 3, 1, 3, 2, 2, 2, 1, 2, 2, 1, 5, 1, 1, 1, 5, 3, 1, 1];6
70;70;70;1;True;2000;1;0;0;0;0;0;0;354.4621982574463;46.522562980651855;82153.52376305194;74201.9634180069;4160.971936724585;3790.3200000000033;[70.38, 25.81, 23.81, 106.38, 76.38, 47.38, 58.38, 106.38, 56.38, 34.38, 11.81, 53.38, 106.38, 61.38, 54.38, 78.38, 18.81, 38.38, 65.38, 73.38, 47.38, 4.0, 67.38, 53.38, 56.38, 71.38, 33.38, 64.38, 43.38, 106.38, 75.38, 14.97, 45.38, 72.38, 55.38, 84.38, 90.38, 16.81, 26.81, 76.38, 28.81, 87.38, 31.81, 36.38, 17.99, 31.81, 26.81, 77.38, 106.38, 91.38, 31.81, 63.38, 43.38, 15.26, 50.38, 38.38, 74.38, 54.38, 104.38, 41.38, 72.38, 47.38, 64.38, 77.38, 34.38, 53.38, 39.38, 25.81, 16.81, 32.81];102.38;[2, 3, 1, 1, 1, 3, 3, 3, 1, 1, 3, 2, 1, 3, 5, 3, 2, 1, 3, 2, 1, 1, 1, 1, 1, 4, 4, 1, 2, 2, 2, 1, 1, 2, 1, 1];4
70;70;70;2;True;2000;1;0;0;0;0;0;0;432.66454696655273;56.02839970588684;82983.2326739599;75683.9495511055;4108.767490314225;3190.810000000002;[39.57, 102.57, 122.57, 70.57, 27.57, 61.57, 23.57, 16.57, 11.57, 56.57, 22.57, 65.57, 26.57, 50.57, 19.57, 15.57, 12.57, 99.57, 44.57, 15.57, 91.57, 42.57, 36.57, 54.57, 99.57, 62.57, 25.57, 30.57, 18.57, 18.57, 57.57, 17.57, 46.57, 32.57, 79.57, 70.57, 76.57, 33.57, 14.57, 42.57, 46.57, 28.57, 39.57, 44.57, 35.57, 32.57, 31.57, 113.57, 31.57, 51.57, 55.57, 35.57, 40.57, 16.57, 54.57, 82.57, 51.57, 9.91, 20.57, 25.57, 30.57, 62.57, 38.57, 76.57, 63.57, 44.57, 82.57, 22.57, 51.57, 11.14];112.66;[3, 4, 3, 2, 2, 2, 1, 1, 2, 3, 2, 2, 3, 4, 2, 1, 2, 3, 2, 1, 1, 1, 2, 4, 1, 1, 2, 1, 2, 1, 1, 3, 4, 1];3
70;70;70;3;True;2000;1;0;0;0;0;0;0;397.36059188842773;43.34046792984009;75110.57629005157;67890.86668729782;4053.6844791807935;3165.900000000002;[40.34, 49.34, 46.34, 48.34, 62.34, 18.34, 16.34, 48.34, 78.34, 49.34, 8.77, 26.34, 98.34, 40.34, 23.34, 27.34, 19.34, 33.34, 15.34, 45.34, 32.34, 46.34, 92.34, 20.34, 31.34, 20.34, 122.34, 15.34, 28.34, 46.34, 12.77, 97.34, 75.34, 112.34, 61.34, 33.34, 84.34, 36.34, 115.34, 53.34, 41.34, 62.34, 40.34, 23.34, 35.34, 21.34, 25.34, 63.34, 33.34, 9.77, 27.34, 10.77, 79.34, 63.34, 16.34, 118.34, 5.77, 108.34, 116.34, 43.34, 71.34, 41.34, 47.34, 1.77, 2.77, 35.34, 44.34, 30.34, 1.0, 12.77];121.34;[1, 1, 1, 1, 1, 1, 3, 4, 1, 3, 1, 1, 2, 1, 1, 2, 1, 1, 3, 2, 2, 1, 1, 3, 1, 2, 4, 1, 1, 1, 1, 1, 1, 2, 3, 3, 2, 2, 1, 2, 2, 1];3
70;70;70;4;True;2000;1;0;0;0;0;0;0;433.9777593612671;56.74890923500061;84471.75431988013;75752.42780208588;4260.251380607981;4459.2699999999995;[23.24, 75.75, 17.16, 95.75, 95.75, 103.75, 74.75, 48.75, 16.63, 75.75, 19.81, 92.75, 26.48, 56.75, 126.75, 53.75, 61.75, 78.75, 58.75, 52.75, 77.75, 10.42, 40.82, 59.75, 42.43, 39.82, 60.75, 19.03, 58.75, 51.75, 86.75, 56.75, 146.75, 64.75, 66.75, 67.75, 84.75, 47.03, 61.75, 83.75, 54.75, 35.75, 115.75, 112.75, 72.75, 60.75, 82.75, 42.96, 56.75, 33.99, 52.75, 47.75, 96.75, 31.96, 103.75, 67.75, 80.75, 73.75, 46.03, 26.48, 11.62, 32.77, 154.75, 35.06, 51.75, 109.75, 70.75, 74.75, 90.75, 47.03];144.33;[2, 2, 1, 6, 2, 2, 4, 2, 1, 4, 1, 1, 1, 1, 1, 1, 4, 2, 1, 3, 1, 2, 5, 2, 2, 2, 1, 1, 2, 1, 2, 3, 1, 1, 2];5
70;70;70;5;True;2000;1;0;0;0;0;0;0;388.0732955932617;50.714213609695435;77844.12994790684;69208.71313381195;4225.00457709223;4410.369999999998;[46.22, 86.04, 38.27, 59.04, 16.4, 83.04, 71.04, 25.88, 70.04, 33.14, 106.04, 1.0, 27.68, 48.01, 39.63, 119.04, 26.87, 25.05, 57.04, 66.04, 132.04, 78.04, 137.04, 34.26, 2.53, 92.04, 13.59, 33.14, 136.04, 115.04, 64.04, 59.04, 91.04, 61.04, 62.04, 130.04, 8.42, 63.04, 85.04, 38.27, 30.45, 76.04, 39.63, 39.27, 55.04, 9.48, 112.04, 57.04, 59.04, 46.56, 49.01, 27.68, 71.04, 86.04, 34.26, 52.62, 46.22, 44.42, 42.62, 115.04, 137.04, 43.04, 108.04, 119.04, 46.22, 37.64, 73.04, 102.04, 115.04, 54.41];136.04;[2, 1, 1, 1, 1, 1, 1, 1, 2, 1, 1, 2, 4, 1, 3, 2, 1, 2, 1, 1, 2, 2, 3, 1, 1, 3, 3, 2, 2, 1, 1, 1, 1, 1, 2, 2, 1, 3, 2, 1, 1, 2, 2];3
70;70;70;6;True;2000;1;0;0;0;0;0;0;345.8338761329651;58.85155916213989;84143.43526327828;76004.78288221359;4091.093208307014;4047.649999999997;[65.47, 44.93, 79.47, 97.47, 62.47, 82.47, 53.56, 76.47, 113.47, 18.6, 35.38, 49.93, 98.47, 52.56, 39.1, 8.74, 72.47, 87.47, 45.93, 89.47, 66.47, 49.93, 54.44, 23.94, 87.47, 91.47, 69.47, 34.54, 33.08, 26.39, 52.56, 61.04, 67.47, 113.47, 63.47, 64.47, 77.47, 28.38, 50.19, 105.47, 75.47, 19.93, 32.31, 102.47, 93.47, 51.19, 11.09, 14.63, 41.37, 68.47, 69.47, 9.31, 10.91, 27.71, 81.47, 63.47, 113.47, 38.1, 47.93, 20.77, 30.19, 24.94, 35.5, 49.93, 64.47, 98.47, 51.19, 57.35, 86.47, 61.04];104.73;[2, 2, 3, 1, 1, 2, 2, 4, 2, 4, 1, 1, 1, 1, 1, 3, 1, 1, 1, 2, 1, 2, 1, 1, 1, 2, 3, 2, 5, 1, 1, 1, 1, 4, 1, 1, 3, 3];4
70;80;70;1;True;2000;1;0;0;0;0;0;0;362.13535499572754;55.00161099433899;93747.41104585606;84830.52382659912;4649.017249973703;4268.049999999999;[71.5, 34.69, 46.5, 100.5, 61.5, 54.5, 67.5, 100.5, 68.5, 63.5, 13.37, 62.5, 100.5, 64.5, 52.5, 90.5, 31.74, 49.5, 81.5, 91.5, 71.5, 4.0, 63.5, 64.5, 54.5, 74.5, 36.66, 59.5, 46.5, 100.5, 74.5, 23.79, 67.5, 72.5, 68.5, 78.5, 67.5, 21.37, 37.69, 81.5, 33.71, 100.5, 40.69, 48.5, 23.79, 39.69, 37.67, 88.5, 100.5, 100.5, 43.69, 72.5, 47.5, 25.79, 65.5, 48.5, 93.5, 61.5, 100.5, 49.5, 78.5, 60.5, 100.5, 83.5, 36.66, 54.5, 48.5, 39.69, 21.17, 45.69];96.5;[2, 3, 2, 1, 4, 2, 2, 1, 2, 1, 2, 1, 2, 2, 1, 3, 2, 1, 3, 1, 4, 1, 1, 4, 1, 1, 1, 7, 3, 1, 1, 1, 3, 3, 2, 1, 3, 1, 1, 1, 1];6
70;80;70;2;True;2000;1;0;0;0;0;0;0;412.16827154159546;59.1085889339447;95136.80766190884;86840.12831163406;4825.508501680848;3470.9399999999996;[56.5, 107.5, 107.5, 57.5, 36.5, 65.5, 32.5, 17.5, 16.5, 79.5, 27.5, 57.5, 31.5, 54.5, 32.5, 25.5, 15.5, 59.5, 60.5, 18.5, 69.5, 50.5, 42.5, 58.5, 107.5, 60.5, 22.5, 42.5, 19.5, 31.5, 90.5, 19.5, 47.5, 35.5, 50.5, 76.5, 71.5, 42.5, 26.5, 49.5, 33.5, 23.5, 44.5, 49.5, 59.5, 44.5, 55.5, 69.5, 35.5, 98.5, 71.5, 39.5, 39.5, 19.5, 53.5, 68.5, 68.5, 10.7, 27.5, 28.5, 30.5, 65.5, 39.5, 85.5, 73.5, 44.5, 106.5, 36.5, 59.5, 13.24];96.8;[1, 6, 1, 1, 1, 1, 2, 1, 1, 1, 1, 2, 1, 1, 2, 1, 2, 3, 6, 2, 2, 5, 1, 1, 1, 1, 3, 1, 2, 2, 2, 1, 1, 3, 2, 2, 1, 1, 2, 1, 1, 2, 1, 4];5
70;80;70;3;True;2000;1;0;0;0;0;0;0;370.9528670310974;54.794540882110596;91877.6025507125;83918.82678508759;4799.729576624451;3158.8500000000035;[41.53, 76.53, 57.53, 54.53, 47.53, 21.13, 22.13, 47.53, 80.53, 65.53, 18.13, 34.53, 82.53, 54.53, 28.53, 36.53, 30.53, 54.53, 19.13, 49.53, 25.13, 43.53, 78.53, 22.13, 29.53, 28.53, 68.53, 18.13, 42.53, 42.53, 17.13, 82.53, 56.53, 82.53, 69.53, 38.53, 69.53, 41.53, 33.53, 56.53, 36.53, 75.53, 39.53, 33.53, 51.53, 29.53, 44.53, 60.53, 40.53, 15.13, 31.53, 17.13, 82.53, 78.53, 24.13, 82.53, 11.13, 77.53, 82.53, 47.53, 54.53, 54.53, 70.53, 1.77, 2.77, 34.53, 44.53, 35.53, 1.0, 27.13];81.53;[1, 6, 1, 2, 1, 1, 3, 1, 4, 3, 1, 1, 1, 1, 1, 1, 2, 1, 2, 3, 2, 2, 3, 1, 1, 1, 1, 2, 1, 1, 1, 3, 1, 3, 6, 2, 1, 5, 1, 2, 1, 1, 1];5
70;80;70;4;True;2000;1;0;0;0;0;0;0;395.9597759246826;64.17945170402527;96873.25616883324;86940.02061128616;5020.92153556729;4912.109999999999;[32.53, 79.47, 30.03, 88.47, 114.47, 125.47, 107.47, 66.47, 44.3, 79.47, 33.03, 94.47, 36.75, 77.47, 84.47, 59.47, 61.47, 77.47, 72.47, 51.47, 106.47, 15.93, 51.18, 64.47, 47.11, 81.47, 62.47, 24.51, 82.47, 55.1, 119.47, 57.47, 125.47, 69.47, 63.47, 74.47, 99.47, 46.05, 67.47, 82.47, 58.47, 55.1, 121.47, 94.47, 81.47, 63.47, 88.47, 51.18, 58.47, 44.3, 55.1, 52.47, 100.47, 38.64, 74.47, 92.47, 88.47, 75.47, 49.18, 40.08, 22.16, 40.64, 121.47, 42.31, 60.47, 115.47, 71.47, 91.47, 93.47, 56.34];109.53999999999999;[2, 2, 2, 4, 2, 1, 1, 2, 1, 2, 2, 1, 2, 5, 1, 1, 1, 1, 1, 2, 4, 3, 1, 2, 3, 1, 2, 1, 3, 3, 1, 1, 1, 2, 2, 1, 4, 1, 1, 2, 1, 1, 3];4
70;80;70;5;True;2000;1;0;0;0;0;0;0;408.0322370529175;59.7004828453064;92155.10133116123;82401.51489305496;4753.790587674088;4999.939999999998;[59.2, 91.87, 49.08, 61.85, 32.48, 90.87, 71.87, 37.85, 74.87, 44.69, 92.87, 1.0, 39.3, 54.02, 54.5, 121.87, 36.07, 37.85, 63.87, 75.87, 139.87, 90.87, 139.87, 48.02, 2.43, 114.87, 26.57, 40.4, 125.87, 121.87, 71.87, 79.87, 96.87, 65.87, 54.02, 139.87, 21.92, 64.87, 123.87, 55.54, 37.85, 116.87, 51.77, 51.72, 60.2, 17.12, 88.87, 66.87, 67.87, 63.87, 59.2, 28.45, 72.87, 85.87, 44.69, 63.87, 62.87, 56.27, 52.77, 111.87, 136.87, 57.18, 113.87, 115.87, 69.87, 47.02, 80.87, 112.87, 124.87, 61.85];138.87;[3, 1, 1, 1, 1, 1, 1, 2, 2, 1, 1, 1, 3, 1, 4, 1, 4, 3, 4, 2, 1, 3, 1, 1, 1, 2, 1, 3, 2, 2, 2, 1, 2, 1, 1, 3, 3, 2, 1, 4, 3, 2];3
70;80;70;6;True;2000;1;0;0;0;0;0;0;395.49547481536865;74.09407424926758;104637.59689766238;94891.25330877304;4647.254884230999;5099.08;[67.86, 50.36, 126.82, 104.82, 78.82, 63.12, 68.58, 96.82, 126.82, 26.89, 50.36, 62.12, 112.82, 95.82, 51.36, 8.72, 82.82, 115.82, 56.43, 117.82, 90.82, 57.51, 66.86, 37.9, 126.82, 112.82, 71.07, 47.71, 42.48, 37.9, 50.36, 82.82, 93.82, 126.82, 122.82, 88.82, 111.82, 40.53, 47.71, 95.82, 126.82, 20.64, 46.38, 92.82, 111.82, 74.82, 20.18, 24.17, 50.36, 64.86, 120.82, 9.73, 19.19, 30.76, 105.82, 53.68, 116.82, 52.63, 57.24, 28.07, 43.48, 30.01, 41.53, 57.24, 98.82, 122.82, 63.86, 99.82, 120.82, 74.82];118.1;[1, 3, 3, 1, 2, 5, 2, 4, 1, 1, 1, 3, 1, 3, 1, 3, 1, 1, 6, 1, 1, 1, 2, 1, 2, 2, 2, 1, 3, 3, 1, 1, 1, 3, 2, 2, 2, 1, 1, 1, 2, 1];5
70;90;70;1;True;2000;1;0;0;0;0;0;0;417.93461418151855;64.5973391532898;107580.60819307578;97864.02114915848;5153.535215173815;4562.770000000003;[101.92, 40.96, 44.96, 86.92, 83.92, 56.92, 60.92, 111.92, 67.92, 48.92, 41.96, 72.92, 109.92, 66.92, 55.92, 81.92, 47.92, 47.92, 76.92, 61.92, 72.92, 3.51, 80.92, 50.92, 57.92, 69.92, 43.96, 73.92, 49.92, 98.92, 69.92, 27.17, 75.92, 84.92, 65.92, 105.92, 76.92, 28.17, 41.96, 88.92, 46.92, 84.92, 51.92, 54.92, 39.96, 45.96, 44.96, 120.92, 87.92, 102.92, 43.96, 84.92, 58.92, 37.96, 74.92, 54.92, 75.92, 55.92, 97.92, 52.92, 69.92, 64.92, 83.92, 94.92, 47.92, 60.92, 51.92, 50.92, 33.76, 45.96];117.41;[4, 1, 3, 2, 2, 1, 1, 1, 2, 1, 3, 1, 1, 2, 1, 2, 1, 6, 3, 1, 3, 1, 2, 1, 4, 2, 1, 1, 5, 4, 3, 1, 2, 2, 3, 1, 2, 1, 4, 1, 4, 1, 1, 1];5
70;90;70;2;True;2000;1;0;0;0;0;0;0;457.31903743743896;72.45044183731079;114769.77877703017;104504.95645427704;5632.73203446032;4632.330000000006;[69.3, 109.3, 122.3, 47.3, 56.3, 96.3, 58.3, 32.3, 28.3, 96.3, 39.3, 81.3, 49.3, 86.3, 102.3, 46.3, 31.3, 83.3, 91.3, 31.3, 99.3, 55.3, 61.3, 69.3, 126.3, 74.3, 38.3, 44.3, 37.3, 47.3, 72.3, 36.3, 69.3, 53.3, 60.3, 104.3, 120.3, 63.3, 31.3, 72.3, 42.3, 49.3, 63.3, 86.3, 52.3, 43.3, 49.3, 126.3, 51.3, 68.3, 90.3, 52.3, 62.3, 39.3, 108.3, 84.3, 81.3, 10.38, 39.3, 50.3, 43.3, 77.3, 49.3, 126.3, 96.3, 64.3, 95.3, 53.3, 58.3, 24.55];115.92;[2, 1, 2, 1, 2, 1, 1, 1, 2, 1, 1, 4, 1, 1, 1, 1, 1, 1, 4, 4, 2, 1, 1, 1, 5, 3, 1, 1, 1, 2, 3, 1, 1, 2, 2, 3, 1, 4, 1, 2, 1, 2, 1, 2, 5, 4, 2, 1, 1];4
70;90;70;3;True;2000;1;0;0;0;0;0;0;506.4754252433777;84.25522828102112;119468.9354281731;110377.19137382507;5445.540562205323;3646.100000000002;[49.11, 109.11, 62.11, 76.11, 46.11, 21.94, 24.94, 61.11, 95.11, 68.11, 24.94, 35.11, 110.11, 53.11, 35.11, 41.11, 49.11, 35.11, 27.94, 77.11, 36.11, 53.11, 96.11, 35.11, 42.11, 33.11, 113.11, 25.94, 33.11, 54.11, 21.94, 70.11, 81.11, 97.11, 76.11, 46.11, 55.11, 45.11, 45.11, 86.11, 44.11, 67.11, 41.11, 27.94, 44.11, 29.94, 38.11, 67.11, 38.11, 26.94, 34.11, 21.94, 79.11, 105.11, 26.94, 94.11, 18.94, 74.11, 76.11, 72.11, 63.11, 61.11, 57.11, 2.0, 18.94, 47.11, 48.11, 41.11, 1.0, 30.94];112.11;[3, 4, 2, 5, 2, 2, 5, 1, 1, 1, 5, 1, 1, 3, 5, 1, 4, 1, 2, 2, 2, 1, 2, 1, 2, 1, 2, 3, 1, 3, 1, 3, 2, 1, 3, 2, 1, 2, 4, 2];4
70;90;70;4;True;2000;1;0;0;0;0;0;0;469.67306566238403;67.70512270927429;114394.66938971175;103990.55088567734;5528.575397821982;4875.549999999995;[30.77, 76.95, 27.55, 89.95, 114.95, 104.95, 74.95, 43.28, 44.9, 84.95, 37.4, 78.95, 32.91, 56.95, 123.95, 92.95, 81.95, 102.95, 72.95, 50.95, 105.95, 22.9, 43.9, 63.95, 37.4, 85.95, 67.95, 27.13, 61.95, 56.95, 89.95, 60.95, 129.95, 88.95, 77.95, 74.95, 94.95, 54.95, 71.95, 97.95, 60.95, 65.95, 129.95, 87.95, 73.95, 66.95, 86.95, 43.9, 60.95, 37.4, 57.95, 54.95, 115.95, 35.67, 93.95, 80.95, 82.95, 70.95, 43.28, 32.23, 23.66, 36.67, 129.95, 40.66, 49.95, 92.95, 81.95, 81.95, 65.95, 46.49];107.04999999999998;[1, 3, 1, 3, 6, 1, 2, 3, 2, 2, 2, 3, 1, 5, 1, 1, 1, 1, 1, 1, 3, 4, 2, 2, 2, 2, 1, 3, 1, 4, 2, 1, 1, 2, 4, 4, 1, 1, 1, 2, 2, 1, 1, 1, 1];5
70;90;70;5;True;2000;1;0;0;0;0;0;0;429.41369009017944;65.14824604988098;106592.15919488182;96103.69424390793;5370.038615693669;5118.58;[63.43, 78.43, 52.68, 75.43, 35.9, 94.43, 95.43, 40.81, 81.43, 45.78, 91.43, 1.0, 43.55, 52.17, 56.59, 118.43, 36.34, 35.12, 72.43, 81.43, 104.43, 98.43, 126.43, 44.27, 18.58, 111.43, 35.12, 34.87, 109.43, 126.43, 63.43, 80.43, 109.43, 67.43, 76.43, 106.43, 21.2, 76.43, 126.43, 45.78, 45.78, 126.43, 50.73, 49.93, 77.43, 25.62, 87.43, 102.43, 94.43, 82.43, 67.43, 32.34, 81.43, 99.43, 59.34, 65.43, 59.34, 52.68, 58.21, 100.43, 100.43, 75.43, 106.43, 105.43, 70.43, 49.93, 85.43, 119.43, 92.43, 59.43];125.43;[1, 1, 2, 1, 1, 2, 1, 2, 2, 2, 1, 1, 3, 1, 3, 1, 3, 6, 1, 4, 1, 1, 2, 3, 4, 1, 5, 1, 3, 2, 3, 3, 1, 3, 1, 1, 1, 1, 1, 1, 1, 2, 1, 1, 3, 2, 2];5
70;90;70;6;True;2000;1;0;0;0;0;0;0;407.57022190093994;76.4830539226532;116026.7354669233;106008.594124794;5216.587426591596;4801.489999999997;[64.26, 48.82, 100.7, 110.7, 64.26, 80.7, 57.36, 110.7, 110.7, 29.89, 44.47, 53.16, 110.7, 57.0, 49.66, 19.71, 81.7, 102.7, 47.32, 110.7, 67.84, 63.26, 75.7, 33.58, 89.7, 110.7, 102.7, 41.37, 43.47, 35.61, 51.87, 83.7, 67.84, 84.7, 78.7, 75.7, 104.7, 40.46, 49.66, 98.7, 84.7, 20.51, 41.37, 105.7, 107.7, 65.26, 25.48, 33.29, 55.0, 110.7, 70.7, 9.01, 22.37, 29.43, 110.7, 51.87, 110.7, 55.0, 60.36, 39.15, 45.45, 30.72, 45.45, 62.36, 99.7, 95.7, 67.84, 109.7, 69.7, 110.7];101.69;[2, 5, 1, 5, 4, 4, 1, 2, 2, 4, 1, 2, 2, 1, 2, 3, 3, 3, 2, 2, 2, 2, 1, 2, 1, 1, 1, 1, 2, 1, 2, 3, 3, 2, 2, 4, 1, 2, 2, 1, 1, 1, 1];4
70;100;70;1;True;2000;1;0;0;0;0;0;0;404.86420345306396;72.21201777458191;125554.74055398595;115350.03988838196;5772.184852607142;4432.249999999995;[77.97, 33.16, 48.97, 91.97, 89.97, 86.97, 65.97, 91.97, 68.97, 54.97, 38.16, 71.97, 91.97, 60.97, 74.97, 91.97, 39.16, 44.97, 88.97, 59.97, 91.97, 4.1, 57.97, 45.97, 73.97, 72.97, 45.97, 85.97, 47.97, 91.97, 71.97, 30.17, 65.97, 54.97, 77.97, 91.97, 91.97, 26.72, 36.16, 91.97, 48.97, 91.97, 46.97, 47.97, 19.61, 46.97, 44.97, 86.97, 91.97, 91.97, 41.16, 85.97, 60.97, 38.16, 60.97, 51.97, 68.97, 52.97, 91.97, 55.97, 75.97, 65.97, 86.97, 78.97, 54.97, 54.97, 50.97, 43.16, 17.08, 43.16];87.87;[2, 1, 2, 5, 4, 2, 2, 1, 1, 5, 3, 3, 1, 3, 4, 2, 1, 2, 3, 3, 1, 3, 2, 2, 4, 1, 2, 3, 2, 1, 1, 1, 1, 1, 3, 2, 1, 1, 1, 3, 2, 2, 3, 1, 1, 2, 1, 1, 1];4
70;100;70;2;True;2000;1;0;0;0;0;0;0;472.3928179740906;75.67830491065979;124782.12301394991;114112.68889760971;6344.457603371019;4324.869999999996;[61.68, 99.68, 115.68, 44.68, 53.68, 79.68, 52.68, 33.68, 28.68, 85.68, 43.68, 72.68, 40.68, 80.68, 51.68, 47.68, 29.68, 74.68, 66.68, 31.68, 107.68, 60.68, 54.68, 86.68, 115.68, 81.68, 38.68, 42.68, 34.68, 45.68, 86.68, 34.68, 91.68, 53.68, 61.68, 102.68, 76.68, 64.68, 33.68, 65.68, 40.68, 37.68, 58.68, 65.68, 88.68, 49.68, 43.68, 115.68, 52.68, 91.68, 67.68, 47.68, 61.68, 39.68, 63.68, 73.68, 71.68, 10.9, 38.68, 45.68, 45.68, 72.68, 58.68, 87.68, 79.68, 65.68, 82.68, 50.68, 53.68, 25.73];104.78;[2, 2, 1, 1, 3, 1, 2, 1, 1, 2, 1, 1, 1, 1, 1, 2, 1, 1, 6, 5, 2, 1, 1, 1, 3, 3, 2, 2, 5, 1, 1, 1, 1, 1, 3, 1, 2, 4, 1, 2, 2, 1, 3, 1, 2, 1, 2, 1, 1, 1, 2, 4, 1, 1, 2, 1];5
70;100;70;3;True;2000;1;0;0;0;0;0;0;482.3974199295044;73.38634824752808;129528.77535421071;119809.49094676971;5936.527693896779;3782.6999999999994;[52.75, 47.75, 75.75, 77.75, 48.75, 25.33, 24.33, 68.75, 104.75, 63.75, 25.33, 39.75, 104.75, 51.75, 38.75, 35.75, 46.75, 46.75, 26.33, 54.75, 42.75, 61.75, 90.75, 28.33, 30.33, 45.75, 88.75, 24.33, 35.75, 55.75, 25.33, 73.75, 82.75, 82.75, 73.75, 54.75, 76.75, 45.75, 52.75, 63.75, 50.75, 91.75, 41.75, 30.33, 43.75, 34.75, 56.75, 84.75, 52.75, 32.33, 40.75, 24.33, 95.75, 104.75, 29.33, 101.75, 18.33, 70.75, 89.75, 57.75, 92.75, 61.75, 62.75, 2.0, 23.33, 44.75, 63.75, 48.75, 1.0, 32.33];103.75;[2, 4, 1, 5, 1, 1, 1, 2, 3, 5, 1, 2, 2, 1, 1, 2, 3, 3, 2, 2, 1, 3, 4, 1, 5, 3, 1, 1, 1, 1, 1, 1, 1, 1, 1, 2, 1, 1, 3, 2, 1, 6, 2, 1, 1, 2, 1, 1, 2, 3, 1];5
70;100;70;4;True;2000;1;0;0;0;0;0;0;525.0660152435303;95.546147108078;137776.1151961605;125285.50860500336;6230.724546500654;6259.629999999997;[46.13, 108.78, 26.49, 95.78, 133.78, 153.78, 143.78, 85.78, 64.79, 100.78, 40.78, 92.78, 46.66, 84.78, 118.78, 132.78, 104.78, 115.78, 107.78, 72.78, 153.78, 29.81, 51.41, 83.78, 62.58, 86.78, 91.78, 29.56, 83.78, 73.78, 106.78, 87.78, 115.78, 87.78, 92.78, 124.78, 103.78, 61.37, 106.78, 105.78, 92.78, 67.78, 146.78, 112.78, 97.78, 87.78, 135.78, 62.58, 77.78, 51.41, 94.78, 62.58, 136.78, 51.41, 100.78, 103.78, 83.78, 113.78, 76.78, 47.65, 42.45, 55.57, 148.78, 71.78, 70.78, 103.78, 91.78, 104.78, 80.78, 65.84];127.29;[1, 3, 1, 3, 4, 5, 1, 1, 3, 1, 1, 4, 2, 4, 3, 2, 2, 1, 1, 1, 1, 1, 3, 2, 3, 3, 1, 1, 1, 1, 1, 2, 4, 3, 1, 1, 1, 2, 1, 5, 1, 1, 3, 2, 1, 2, 3, 2, 2, 1];4
70;100;70;5;True;2000;1;0;0;0;0;0;0;477.9831428527832;78.81476354598999;122947.51334739773;111458.03924560547;5957.18478522261;5532.3399999999965;[69.35, 95.99, 57.76, 76.99, 33.59, 99.99, 93.99, 49.74, 90.99, 52.94, 79.99, 1.0, 52.94, 66.03, 60.73, 125.99, 43.2, 42.12, 72.99, 84.99, 94.99, 110.99, 137.99, 57.35, 24.09, 113.99, 36.86, 51.6, 116.99, 130.99, 120.99, 91.99, 123.99, 71.92, 70.92, 128.99, 25.99, 76.99, 136.99, 52.94, 44.9, 120.99, 55.02, 61.73, 70.72, 28.15, 97.99, 71.99, 72.99, 66.03, 81.99, 35.59, 104.99, 98.99, 52.27, 67.36, 69.72, 62.92, 57.35, 137.99, 101.99, 66.03, 135.99, 107.99, 75.99, 62.92, 90.99, 105.99, 123.99, 71.92];136.99;[2, 1, 1, 3, 2, 1, 1, 2, 2, 1, 1, 4, 2, 4, 1, 1, 1, 3, 4, 4, 4, 2, 1, 2, 5, 1, 2, 4, 1, 3, 1, 3, 1, 2, 1, 1, 1, 1, 2, 4, 1, 4, 2, 1, 2, 1, 1, 2, 3];4
70;100;70;6;True;2000;1;0;0;0;0;0;0;508.18276739120483;98.02085828781128;138687.64285276106;127544.46965789795;5681.44803146518;5461.550000000001;[78.64, 76.64, 135.64, 87.64, 74.64, 96.64, 83.64, 110.64, 127.64, 39.97, 59.9, 74.29, 99.64, 70.31, 63.18, 15.52, 98.64, 100.64, 61.04, 103.64, 88.64, 70.86, 82.64, 44.13, 104.64, 112.64, 80.64, 55.4, 66.21, 46.25, 68.16, 85.64, 84.64, 108.64, 86.64, 76.64, 93.64, 47.37, 58.9, 98.64, 135.64, 41.42, 51.59, 101.64, 101.64, 67.21, 33.05, 40.45, 76.64, 125.64, 80.64, 9.09, 32.35, 54.29, 135.64, 72.86, 86.64, 65.18, 76.64, 55.4, 52.08, 51.0, 67.21, 62.04, 67.21, 113.64, 70.31, 104.64, 91.64, 118.64];126.54999999999998;[1, 5, 1, 2, 2, 2, 3, 5, 4, 1, 1, 1, 1, 4, 1, 3, 2, 1, 5, 4, 1, 1, 1, 1, 1, 2, 4, 1, 1, 3, 2, 1, 2, 2, 2, 1, 1, 1, 1, 3, 2, 1, 3, 2, 1, 1, 3, 3, 2, 1];4
80;80;80;1;True;2000;1;0;0;0;0;0;0;432.45431661605835;85.30569124221802;100212.11125573906;90983.81700325012;4637.244612879642;4591.220000000002;[102.4, 26.0, 22.79, 91.4, 65.4, 59.4, 63.4, 89.4, 58.4, 52.4, 10.38, 62.4, 79.4, 50.4, 68.4, 79.4, 17.75, 35.01, 114.4, 75.4, 64.4, 3.54, 69.4, 43.97, 51.4, 68.4, 29.7, 83.4, 49.4, 71.4, 69.4, 12.23, 77.4, 48.4, 53.4, 78.4, 84.4, 12.23, 35.99, 77.4, 27.7, 92.4, 39.01, 60.4, 13.71, 39.01, 33.7, 113.4, 82.4, 119.4, 39.01, 119.4, 48.4, 22.79, 66.4, 41.81, 116.4, 56.4, 80.4, 41.81, 93.4, 54.4, 56.4, 72.4, 37.02, 46.4, 45.4, 22.79, 12.23, 29.7, 60.4, 82.4, 71.4, 13.71, 4.1, 79.4, 101.4, 43.76, 57.4, 44.97];115.86;[3, 3, 1, 2, 1, 1, 1, 1, 1, 1, 1, 2, 1, 2, 3, 2, 2, 3, 4, 1, 2, 1, 1, 2, 1, 4, 1, 4, 1, 1, 2, 4, 1, 2, 1, 3, 1, 2, 1, 1, 3, 1, 4];3
80;80;80;2;True;2000;1;0;0;0;0;0;0;400.7190194129944;62.76245141029358;91201.9672411138;82310.18301439285;4878.032685894347;4013.930000000002;[30.27, 97.11, 111.11, 44.11, 30.27, 111.11, 24.44, 17.6, 15.88, 97.11, 24.44, 105.11, 27.42, 44.11, 41.11, 17.6, 12.26, 64.11, 77.11, 18.81, 58.11, 52.11, 33.85, 66.11, 91.11, 71.11, 24.47, 28.57, 20.05, 18.81, 105.11, 22.62, 49.11, 36.27, 91.11, 102.11, 82.11, 35.27, 15.88, 36.27, 39.11, 23.48, 64.11, 51.11, 33.85, 55.11, 48.11, 82.11, 59.11, 76.11, 59.11, 36.27, 46.11, 18.81, 69.11, 70.11, 54.11, 11.22, 17.6, 31.42, 26.44, 55.11, 39.11, 111.11, 73.11, 43.11, 111.11, 24.44, 60.11, 11.22, 42.11, 44.11, 72.11, 14.88, 51.11, 18.81, 32.27, 85.11, 64.11, 37.11];99.89;[1, 1, 1, 4, 1, 1, 1, 3, 1, 1, 1, 2, 1, 1, 3, 1, 4, 3, 6, 1, 1, 1, 3, 1, 1, 2, 1, 3, 2, 1, 2, 1, 1, 1, 2, 1, 1, 1, 1, 1, 1, 1, 4, 4, 1, 2, 1];5
80;80;80;3;True;2000;1;0;0;0;0;0;0;467.5479679107666;96.60701656341553;95827.26223456407;86569.95197820663;4865.6776635147235;4391.63;[52.08, 73.71, 77.71, 58.08, 64.71, 26.81, 18.09, 69.71, 94.71, 68.71, 15.22, 40.05, 101.71, 80.71, 34.58, 50.08, 33.5, 24.88, 27.35, 105.71, 38.51, 58.08, 92.71, 24.23, 44.08, 50.08, 92.71, 16.59, 35.24, 61.71, 17.2, 74.71, 77.71, 94.71, 65.71, 51.08, 70.71, 61.71, 52.08, 66.71, 48.08, 75.71, 50.08, 40.05, 44.08, 46.08, 48.08, 66.71, 40.05, 22.03, 43.08, 12.79, 83.71, 107.71, 32.62, 134.71, 11.25, 87.71, 91.71, 83.71, 80.71, 67.71, 58.08, 2.84, 3.85, 52.08, 56.08, 49.08, 1.0, 23.01, 30.13, 30.54, 15.71, 58.08, 66.71, 81.71, 72.71, 106.71, 41.48, 59.08];133.71;[1, 1, 2, 3, 3, 1, 1, 4, 1, 4, 3, 1, 1, 1, 2, 1, 2, 1, 3, 1, 1, 1, 2, 1, 1, 1, 1, 2, 1, 7, 2, 1, 3, 2, 1, 1, 1, 1, 2, 1, 1, 5, 4];6
80;80;80;4;True;2000;1;0;0;0;0;0;0;372.6584038734436;76.83974814414978;96646.33310045373;86466.850212574;5182.7005840573875;4996.889999999996;[20.99, 86.95, 15.31, 79.95, 94.95, 72.95, 85.95, 65.95, 17.45, 88.95, 18.94, 86.95, 22.98, 56.95, 73.95, 55.95, 60.95, 66.95, 55.95, 41.81, 111.95, 6.43, 41.28, 57.95, 36.16, 61.95, 63.95, 18.94, 81.95, 44.93, 74.95, 65.95, 79.95, 85.95, 67.95, 71.95, 75.95, 50.44, 69.95, 109.95, 64.95, 27.54, 101.95, 86.95, 89.95, 58.95, 36.7, 32.81, 56.95, 40.01, 51.44, 38.73, 111.95, 25.12, 81.95, 66.95, 43.56, 74.95, 43.85, 21.9, 12.82, 29.94, 111.95, 27.06, 48.82, 105.95, 64.95, 103.95, 94.95, 35.4, 34.09, 69.95, 70.95, 101.95, 31.5, 107.95, 111.95, 62.95, 111.95, 51.44];105.52000000000001;[3, 2, 1, 3, 2, 1, 1, 1, 2, 1, 2, 1, 1, 1, 1, 1, 1, 3, 3, 1, 1, 1, 1, 2, 2, 1, 4, 1, 1, 2, 1, 3, 1, 1, 4, 1, 1, 3, 3, 2, 1, 3, 1, 2, 1, 3, 1];3
80;80;80;5;True;2000;1;0;0;0;0;0;0;415.85277462005615;77.07061767578125;98201.972116472;89067.34530448914;4798.40631898879;4336.109999999997;[44.14, 95.14, 27.45, 32.45, 13.29, 81.14, 76.14, 29.45, 73.14, 22.45, 94.14, 1.0, 22.45, 36.45, 28.45, 111.14, 20.45, 18.45, 53.14, 63.14, 93.14, 90.14, 98.14, 25.45, 2.86, 79.14, 11.29, 29.45, 111.14, 108.14, 64.14, 72.14, 81.14, 60.14, 56.14, 111.14, 7.03, 42.14, 74.14, 40.14, 23.45, 83.14, 25.45, 28.45, 56.14, 7.03, 86.14, 72.14, 72.14, 25.45, 46.14, 17.45, 63.14, 64.14, 16.45, 48.14, 35.45, 31.45, 36.45, 111.14, 111.14, 31.45, 72.14, 90.14, 78.14, 28.45, 64.14, 97.14, 78.14, 55.14, 50.14, 111.14, 77.14, 44.14, 52.14, 2.37, 46.14, 50.14, 7.03, 39.45];110.14;[3, 4, 1, 1, 3, 1, 3, 1, 2, 1, 1, 1, 1, 2, 2, 2, 1, 3, 1, 2, 1, 1, 3, 1, 2, 2, 1, 1, 3, 2, 2, 2, 3, 3, 2, 1, 1, 2, 2, 1, 3, 4, 1];3
80;80;80;6;True;2000;1;0;0;0;0;0;0;434.1348624229431;106.36251950263977;110775.33468311619;101531.929022789;4779.471780291757;4464.1500000000015;[49.86, 51.86, 103.86, 65.86, 64.86, 104.86, 53.86, 104.86, 90.86, 19.86, 31.86, 46.86, 91.86, 104.86, 41.86, 7.25, 71.86, 44.86, 47.86, 104.86, 97.86, 50.86, 57.86, 12.89, 73.86, 104.86, 58.86, 30.86, 40.86, 21.86, 41.86, 61.86, 38.86, 78.86, 57.86, 60.86, 104.86, 31.86, 31.86, 73.86, 86.86, 20.86, 28.86, 73.86, 102.86, 58.86, 11.08, 9.91, 39.86, 97.86, 101.86, 8.59, 8.59, 39.86, 86.86, 35.86, 104.86, 38.86, 51.86, 17.17, 25.86, 34.86, 27.86, 24.86, 25.86, 82.86, 44.86, 70.86, 96.86, 76.86, 81.86, 61.86, 2.8, 90.86, 33.86, 16.56, 22.86, 104.86, 54.86, 19.11];102.06;[1, 6, 1, 1, 5, 2, 2, 2, 1, 3, 4, 2, 1, 1, 1, 2, 2, 1, 1, 3, 1, 3, 1, 1, 2, 3, 2, 3, 2, 3, 1, 2, 1, 3, 2, 1, 1, 3, 3];5
80;90;80;1;True;2000;1;0;0;0;0;0;0;477.65450143814087;111.698233127594;125215.92251444212;114471.50199508667;5188.683522540461;5555.860000000001;[95.96, 34.94, 55.96, 124.96, 112.96, 79.96, 69.96, 100.96, 83.96, 52.96, 23.66, 73.96, 124.96, 46.96, 47.96, 110.96, 24.03, 40.83, 70.96, 91.96, 67.96, 3.8, 85.96, 43.96, 65.96, 67.96, 30.55, 124.96, 50.96, 88.96, 78.96, 19.72, 84.96, 124.96, 75.96, 105.96, 124.96, 14.32, 28.3, 124.96, 34.94, 91.96, 41.83, 106.96, 32.95, 44.96, 38.86, 124.96, 124.96, 124.96, 38.87, 100.96, 49.96, 11.97, 82.96, 29.62, 113.96, 63.96, 111.96, 50.96, 74.96, 65.96, 85.96, 112.96, 45.96, 53.96, 48.96, 27.62, 12.24, 39.87, 91.96, 124.96, 72.96, 15.5, 4.14, 89.96, 120.96, 57.96, 59.96, 43.62];121.16;[3, 2, 2, 2, 2, 1, 1, 1, 1, 2, 1, 2, 1, 2, 1, 1, 2, 2, 3, 1, 2, 4, 4, 1, 3, 3, 1, 1, 1, 3, 3, 1, 2, 1, 3, 1, 3, 3, 1, 2, 3, 2, 2, 1, 1, 2, 3];3
80;90;80;2;True;2000;1;0;0;0;0;0;0;490.69517040252686;92.00415658950806;113427.08166082854;103405.35590457916;5600.604330902625;4421.1500000000015;[55.02, 79.02, 119.02, 54.02, 37.91, 83.02, 32.72, 27.82, 19.96, 72.02, 30.82, 101.02, 36.43, 52.02, 33.43, 23.5, 17.09, 66.02, 81.02, 24.45, 98.02, 50.38, 49.38, 58.02, 77.02, 81.02, 30.82, 38.91, 28.82, 29.82, 77.02, 26.82, 48.38, 39.43, 96.02, 91.02, 127.02, 43.38, 17.09, 44.38, 45.38, 33.43, 55.02, 59.02, 41.38, 50.38, 47.38, 121.02, 59.02, 67.02, 72.02, 50.38, 54.02, 21.99, 68.02, 83.02, 61.02, 10.76, 21.99, 37.91, 34.43, 57.02, 43.38, 118.02, 86.02, 70.02, 127.02, 36.43, 48.38, 10.76, 42.38, 73.02, 68.02, 19.24, 97.02, 23.5, 44.38, 73.02, 39.43, 50.38];116.25999999999999;[1, 1, 2, 3, 2, 1, 2, 1, 1, 1, 2, 2, 1, 1, 1, 1, 2, 5, 3, 2, 1, 3, 1, 3, 1, 3, 1, 1, 1, 3, 2, 6, 1, 1, 1, 3, 1, 1, 2, 1, 3, 3, 1, 6, 1, 1, 1, 1, 1];5
80;90;80;3;True;2000;1;0;0;0;0;0;0;446.17061948776245;110.69136047363281;114466.69238676362;104470.34672498703;5448.639665207373;4547.900000000002;[49.3, 61.27, 66.27, 53.3, 64.27, 30.52, 27.14, 72.27, 78.27, 81.27, 20.01, 49.3, 108.27, 63.27, 36.07, 50.3, 37.54, 29.52, 29.52, 90.27, 41.3, 81.27, 105.27, 29.11, 48.3, 48.3, 105.27, 21.77, 51.3, 67.27, 24.67, 81.27, 68.27, 76.27, 57.27, 54.27, 64.27, 44.3, 108.27, 94.27, 48.3, 72.27, 45.3, 37.79, 51.3, 38.79, 54.27, 70.27, 49.3, 23.95, 42.3, 26.14, 101.27, 66.27, 34.69, 108.27, 17.37, 92.27, 90.27, 83.27, 108.27, 66.27, 50.3, 2.84, 16.85, 58.27, 69.27, 58.27, 1.0, 37.54, 32.93, 36.07, 20.93, 56.27, 76.27, 68.27, 77.27, 96.27, 37.54, 53.3];107.27;[1, 3, 1, 4, 2, 2, 4, 1, 1, 4, 4, 3, 2, 4, 1, 2, 3, 2, 3, 2, 2, 1, 3, 1, 1, 1, 2, 1, 6, 2, 1, 1, 5, 2, 2, 1, 1, 1, 2, 2, 3];5
80;90;80;4;True;2000;1;0;0;0;0;0;0;474.78791904449463;99.51005053520203;117653.36403833149;106921.25797319412;5522.265694942467;5209.880000000005;[28.43, 68.77, 24.31, 86.77, 92.77, 51.77, 63.77, 74.77, 36.12, 110.77, 30.74, 96.77, 34.1, 80.77, 103.77, 88.77, 64.77, 78.77, 57.77, 48.5, 85.77, 13.11, 41.42, 60.77, 41.74, 68.77, 63.77, 21.07, 53.77, 60.77, 69.77, 55.77, 88.77, 66.77, 59.77, 68.77, 79.77, 55.77, 70.77, 73.77, 73.77, 48.0, 120.77, 112.77, 64.77, 58.77, 81.77, 46.73, 56.77, 39.92, 57.77, 51.22, 127.77, 38.12, 82.77, 79.77, 76.77, 71.77, 48.0, 36.12, 11.31, 42.21, 74.77, 30.34, 52.77, 103.77, 86.77, 98.77, 59.77, 52.77, 45.45, 65.77, 81.77, 67.77, 45.81, 102.77, 70.77, 72.77, 94.77, 51.22];116.46;[2, 2, 2, 3, 3, 2, 2, 1, 2, 3, 3, 1, 2, 2, 1, 2, 1, 3, 1, 1, 1, 1, 1, 2, 4, 4, 2, 2, 3, 1, 4, 1, 1, 4, 2, 1, 3, 1, 1, 2, 1, 1, 4, 1, 1, 2];3
80;90;80;5;True;2000;1;0;0;0;0;0;0;443.0053505897522;92.02711129188538;115775.38628949715;105741.92488765717;5221.106218558289;4812.610000000002;[51.67, 83.67, 33.67, 69.67, 15.23, 86.67, 64.67, 30.67, 66.67, 36.67, 72.67, 1.0, 32.67, 38.67, 44.67, 97.67, 33.67, 28.67, 57.67, 72.67, 102.67, 103.67, 109.67, 38.67, 2.86, 77.67, 28.67, 37.67, 103.67, 90.67, 60.67, 61.67, 81.67, 54.67, 66.67, 99.67, 14.28, 104.67, 87.67, 41.67, 33.67, 79.67, 34.67, 42.67, 48.67, 15.23, 79.67, 53.67, 59.67, 44.67, 109.67, 26.67, 80.67, 80.67, 35.67, 55.67, 46.67, 48.67, 45.67, 109.67, 101.67, 38.67, 96.67, 76.67, 99.67, 39.67, 77.67, 99.67, 66.67, 51.67, 49.67, 109.67, 93.67, 49.67, 55.67, 2.37, 55.67, 57.67, 24.73, 44.67];108.67;[2, 1, 1, 1, 1, 1, 3, 1, 2, 2, 1, 1, 3, 2, 1, 1, 2, 1, 1, 4, 1, 1, 3, 2, 1, 1, 3, 2, 2, 2, 2, 5, 2, 1, 1, 1, 2, 2, 2, 5, 1, 1, 1, 1, 1, 2, 2, 2, 4, 2];4
80;90;80;6;True;2000;1;0;0;0;0;0;0;603.360191822052;128.37341403961182;125329.42621519187;115238.74123811722;5283.376853564582;4807.539999999998;[53.93, 52.93, 108.93, 79.93, 72.93, 121.93, 49.93, 93.93, 73.93, 23.15, 36.93, 45.93, 73.93, 88.93, 41.93, 7.39, 74.93, 46.93, 45.93, 142.93, 41.93, 60.93, 52.93, 23.15, 168.93, 117.93, 54.93, 36.93, 39.93, 26.93, 37.93, 116.93, 59.93, 69.93, 75.93, 70.93, 139.93, 25.93, 40.93, 85.93, 119.93, 22.35, 33.93, 87.93, 83.93, 54.93, 14.77, 10.52, 34.93, 91.93, 100.93, 8.83, 10.02, 42.93, 67.93, 52.93, 137.93, 43.93, 65.93, 20.27, 28.93, 36.93, 32.93, 30.93, 26.93, 89.93, 51.93, 59.93, 58.93, 71.93, 102.93, 56.93, 2.8, 89.93, 28.93, 18.69, 23.15, 128.93, 47.93, 25.14];166.13;[1, 5, 3, 2, 4, 2, 1, 2, 2, 2, 1, 4, 1, 1, 2, 2, 5, 1, 1, 1, 2, 1, 2, 1, 1, 2, 3, 1, 3, 1, 4, 2, 2, 3, 1, 1, 2, 2, 3, 2, 1, 1, 4, 2];4
80;100;80;1;True;2000;1;0;0;0;0;0;0;571.6849598884583;130.31674027442932;142041.21956058443;130342.7053604126;5881.5084035041455;5817.100000000007;[101.56, 36.49, 61.56, 131.56, 82.56, 69.56, 79.56, 92.56, 75.56, 65.56, 30.13, 73.56, 94.56, 51.56, 56.56, 105.56, 28.92, 49.56, 143.56, 134.56, 71.56, 3.8, 132.56, 43.92, 67.56, 70.56, 36.49, 118.56, 59.56, 90.56, 74.56, 12.08, 85.56, 55.56, 71.56, 93.56, 143.56, 25.57, 36.7, 94.56, 43.05, 91.56, 53.56, 61.56, 33.63, 53.56, 35.62, 142.56, 113.56, 143.56, 47.56, 104.56, 60.56, 18.31, 58.56, 38.49, 134.56, 65.56, 87.56, 53.56, 95.56, 74.56, 119.56, 134.56, 52.56, 74.56, 44.02, 34.75, 12.85, 39.89, 91.56, 143.56, 79.56, 22.64, 4.66, 95.56, 99.56, 52.56, 102.56, 47.05];139.76;[2, 2, 3, 2, 2, 1, 1, 1, 2, 2, 1, 1, 2, 2, 2, 1, 2, 1, 1, 2, 1, 4, 3, 1, 3, 4, 1, 3, 3, 1, 1, 3, 1, 5, 2, 1, 1, 5, 1, 1, 2, 1, 1, 1, 1, 3, 1, 1, 1, 1, 3, 3, 1, 2];4
80;100;80;2;True;2000;1;0;0;0;0;0;0;522.8252935409546;127.696448802948;140930.57916491927;128909.76591157913;6445.475375754673;5575.290000000004;[69.68, 77.68, 127.68, 85.68, 45.13, 127.68, 52.13, 50.13, 31.39, 109.68, 43.13, 115.68, 44.48, 82.68, 45.13, 33.39, 27.01, 72.68, 74.68, 33.39, 127.68, 74.68, 69.68, 106.68, 107.68, 89.68, 53.13, 52.13, 39.14, 48.13, 86.68, 43.48, 79.68, 51.13, 127.68, 124.68, 104.68, 54.13, 15.54, 59.13, 66.68, 41.13, 67.68, 74.68, 50.13, 71.68, 57.13, 83.68, 65.13, 99.68, 67.68, 64.13, 69.68, 32.39, 79.68, 89.68, 89.68, 10.76, 43.13, 56.13, 46.13, 96.68, 57.13, 100.68, 80.68, 82.68, 91.68, 53.13, 71.68, 24.88, 61.13, 111.68, 81.68, 27.05, 90.68, 35.37, 58.13, 127.68, 65.13, 66.34];116.92;[1, 1, 2, 3, 2, 1, 1, 2, 4, 1, 1, 1, 1, 1, 4, 1, 2, 2, 6, 3, 2, 3, 1, 1, 4, 2, 2, 2, 2, 3, 2, 1, 2, 1, 1, 3, 1, 1, 3, 1, 1, 1, 2, 3, 2, 2, 2, 1, 1, 2, 1, 4];5
80;100;80;3;True;2000;1;0;0;0;0;0;0;515.2842512130737;122.89511013031006;141390.59104770055;130562.37516832352;6093.502178209093;4734.5700000000015;[58.38, 70.61, 68.61, 56.38, 74.61, 25.77, 30.01, 70.61, 99.61, 61.38, 30.01, 62.38, 109.61, 88.61, 48.38, 48.38, 42.88, 27.3, 26.09, 104.61, 44.99, 84.61, 95.61, 27.91, 42.99, 54.38, 74.61, 23.59, 53.38, 64.61, 31.93, 81.61, 66.61, 96.61, 67.61, 48.38, 70.61, 51.38, 93.61, 82.61, 53.38, 109.61, 55.38, 37.75, 60.38, 39.96, 65.61, 76.61, 50.38, 27.09, 51.38, 24.28, 108.61, 79.61, 36.75, 98.61, 18.16, 102.61, 80.61, 69.61, 98.61, 66.61, 36.75, 2.84, 20.14, 59.38, 61.38, 49.38, 1.0, 39.96, 31.93, 32.86, 28.91, 55.38, 78.61, 63.61, 78.61, 109.61, 48.38, 62.38];108.61;[4, 1, 2, 1, 1, 2, 2, 3, 1, 3, 3, 1, 1, 1, 4, 3, 2, 1, 4, 2, 2, 1, 1, 2, 1, 3, 1, 1, 1, 1, 1, 1, 2, 1, 5, 2, 2, 7, 1, 2, 1, 3, 1, 3, 1, 1, 1, 3, 5, 1];6
80;100;80;4;True;2000;1;0;0;0;0;0;0;432.41178846359253;109.06073594093323;125921.58175508027;114415.04947948456;6139.710148528009;5366.659999999995;[38.76, 86.16, 32.16, 86.16, 95.16, 64.16, 72.16, 64.16, 38.76, 101.16, 32.16, 101.16, 34.61, 64.16, 91.16, 101.16, 65.16, 101.16, 60.16, 57.16, 83.16, 21.73, 48.94, 62.16, 49.97, 64.16, 71.16, 25.14, 75.16, 54.83, 77.16, 62.16, 87.16, 66.16, 67.16, 69.16, 83.16, 56.16, 75.16, 101.16, 71.16, 35.73, 101.16, 101.16, 78.16, 67.16, 46.67, 49.97, 60.16, 46.28, 59.16, 63.16, 101.16, 40.61, 78.16, 79.16, 61.16, 68.16, 53.83, 15.99, 35.73, 43.73, 87.16, 44.16, 61.16, 96.16, 101.16, 98.16, 59.16, 52.83, 51.12, 74.16, 68.16, 79.16, 55.16, 85.16, 87.16, 69.16, 97.16, 54.83];85.17;[2, 3, 1, 2, 3, 2, 2, 2, 3, 1, 3, 3, 2, 2, 1, 1, 1, 2, 1, 1, 1, 2, 2, 2, 1, 1, 2, 2, 4, 3, 5, 1, 3, 1, 3, 1, 2, 1, 1, 5, 2, 2, 2, 1, 5, 1, 1, 1, 2, 2];4
80;100;80;5;True;2000;1;0;0;0;0;0;0;560.9420790672302;124.1506118774414;141717.65054089454;129906.57707691193;6010.098995637084;5800.83;[57.18, 67.18, 46.74, 88.18, 24.04, 84.18, 78.18, 34.74, 72.18, 34.74, 90.18, 1.0, 35.74, 59.18, 40.74, 143.18, 30.74, 26.02, 71.18, 71.18, 144.18, 115.18, 122.18, 49.74, 11.82, 106.18, 22.23, 35.74, 121.18, 128.18, 111.18, 90.18, 116.18, 71.18, 72.18, 144.18, 16.8, 69.18, 142.18, 54.18, 34.74, 103.18, 38.74, 42.74, 62.18, 11.11, 94.18, 64.18, 94.18, 37.74, 114.18, 30.74, 79.18, 100.18, 40.74, 58.18, 53.18, 50.74, 42.74, 113.18, 144.18, 48.74, 122.18, 102.18, 99.18, 43.74, 74.18, 144.18, 88.18, 66.18, 82.18, 138.18, 144.18, 59.18, 73.18, 2.37, 60.18, 65.18, 26.02, 50.74];143.18;[1, 2, 2, 1, 1, 2, 1, 2, 1, 1, 1, 1, 2, 2, 1, 1, 1, 1, 1, 1, 1, 4, 1, 1, 3, 2, 2, 2, 2, 4, 1, 2, 4, 2, 1, 4, 1, 1, 1, 1, 4, 3, 1, 3, 3, 2, 3, 3, 1, 4, 3, 1, 1, 1, 1];3
80;100;80;6;True;2000;1;0;0;0;0;0;0;443.84212589263916;108.47194004058838;135497.16950775086;124846.74489831924;5823.312167330881;4827.209999999999;[85.79, 54.79, 84.79, 72.79, 75.79, 88.79, 53.79, 62.79, 96.79, 29.74, 47.79, 55.79, 82.79, 94.79, 46.79, 8.31, 67.79, 89.79, 51.79, 95.79, 81.79, 62.79, 64.79, 28.36, 96.79, 96.79, 67.79, 39.79, 49.79, 32.33, 50.79, 54.79, 61.79, 85.79, 63.79, 63.79, 96.79, 29.74, 57.79, 95.79, 96.79, 29.39, 41.79, 80.79, 60.79, 57.79, 16.28, 20.34, 39.79, 96.79, 96.79, 8.96, 15.31, 38.79, 82.79, 61.79, 96.79, 49.79, 78.79, 27.51, 35.79, 41.79, 49.79, 34.79, 34.79, 73.79, 50.79, 68.79, 91.79, 96.79, 96.79, 57.79, 2.8, 65.79, 55.79, 27.51, 30.68, 96.79, 53.79, 33.6];93.99000000000001;[2, 3, 2, 5, 3, 2, 6, 5, 2, 2, 1, 1, 1, 2, 6, 1, 3, 1, 1, 3, 1, 2, 2, 4, 1, 2, 1, 1, 1, 1, 1, 4, 3, 2, 1, 1, 4, 2, 2, 1, 3, 1, 1, 3, 3];5
90;90;90;1;True;2000;1;0;0;0;0;0;0;523.6432914733887;164.72349977493286;127361.14568900006;116836.41161966324;5315.564102153711;5209.140000000004;[62.07, 38.73, 27.55, 90.8, 68.07, 50.91, 54.04, 92.8, 53.04, 49.91, 11.19, 61.07, 67.07, 46.3, 78.07, 77.07, 14.2, 43.67, 57.07, 53.04, 47.48, 3.13, 54.04, 47.48, 54.04, 59.07, 28.55, 99.8, 43.67, 75.07, 73.07, 18.3, 61.07, 120.8, 63.07, 69.07, 83.8, 12.22, 21.58, 81.8, 27.55, 84.8, 36.51, 88.8, 25.56, 40.73, 26.56, 75.07, 94.8, 127.8, 32.54, 127.8, 42.73, 16.63, 58.07, 39.73, 119.8, 46.3, 124.8, 42.73, 104.8, 78.07, 113.8, 66.07, 40.73, 45.26, 42.73, 22.6, 12.82, 31.54, 42.73, 85.8, 61.07, 15.63, 4.31, 112.8, 121.8, 52.04, 73.07, 37.47, 45.3, 98.8, 94.8, 42.73, 79.07, 9.27, 19.27, 25.56, 55.04, 81.07];124.67;[1, 3, 1, 2, 1, 2, 1, 2, 3, 2, 4, 2, 2, 3, 3, 3, 4, 1, 4, 4, 4, 1, 2, 2, 1, 3, 2, 1, 2, 1, 1, 2, 1, 4, 2, 2, 2, 4, 2, 1, 2];3
90;90;90;2;True;2000;1;0;0;0;0;0;0;530.9323086738586;138.27415370941162;124753.75906303442;113569.55023431778;5660.043391852233;5524.170000000001;[37.0, 113.63, 132.63, 71.91, 39.99, 133.63, 29.02, 25.02, 21.02, 62.42, 31.02, 83.33, 26.02, 59.52, 37.99, 25.02, 14.54, 82.33, 65.42, 24.02, 122.63, 59.52, 67.42, 104.63, 133.63, 88.94, 32.01, 36.0, 26.02, 32.01, 106.63, 26.02, 60.47, 40.99, 133.63, 130.63, 116.63, 42.98, 16.35, 45.82, 45.82, 28.02, 66.42, 73.73, 58.52, 40.99, 49.72, 90.94, 52.67, 91.94, 81.33, 35.0, 59.52, 23.02, 84.33, 94.94, 75.59, 11.36, 23.02, 31.02, 36.0, 85.33, 44.72, 133.63, 72.73, 47.77, 98.94, 35.0, 52.67, 11.36, 48.77, 54.62, 96.94, 21.02, 61.47, 27.02, 46.82, 71.91, 61.47, 54.62, 61.47, 119.63, 29.02, 26.02, 103.63, 56.57, 41.98, 113.63, 19.44, 133.63];122.27;[1, 1, 1, 6, 1, 1, 1, 1, 1, 1, 1, 1, 1, 1, 1, 1, 4, 5, 3, 1, 1, 4, 1, 1, 2, 4, 2, 2, 1, 1, 2, 3, 4, 1, 3, 1, 1, 1, 2, 1, 3, 4, 1, 1, 1, 1, 1, 1, 2, 3];5
90;90;90;3;True;2000;1;0;0;0;0;0;0;494.68315410614014;133.98892164230347;113875.27225208496;103511.52106809616;5516.7420655655305;4847.1500000000015;[55.82, 70.34, 64.34, 53.65, 97.34, 25.09, 20.39, 62.34, 78.34, 86.34, 19.4, 37.92, 90.34, 64.34, 31.13, 43.24, 52.44, 23.3, 17.47, 112.34, 32.24, 67.34, 84.34, 27.25, 43.58, 31.51, 95.34, 15.55, 36.26, 63.34, 32.24, 105.34, 76.34, 64.34, 58.06, 50.39, 77.34, 50.39, 47.47, 67.34, 42.09, 92.34, 45.51, 32.24, 46.1, 34.55, 50.39, 59.06, 41.64, 24.5, 43.24, 13.35, 52.26, 84.34, 30.32, 118.34, 11.95, 100.34, 100.34, 67.34, 98.34, 47.93, 71.34, 2.83, 7.43, 39.83, 50.39, 39.71, 1.0, 26.25, 22.63, 29.55, 15.55, 50.64, 103.34, 62.34, 75.34, 89.34, 37.92, 38.43, 16.65, 97.34, 103.34, 21.35, 55.82, 15.01, 73.34, 83.34, 81.34, 67.34];117.34;[1, 2, 1, 5, 2, 3, 2, 1, 5, 2, 2, 1, 4, 1, 1, 1, 3, 3, 1, 1, 1, 2, 1, 1, 1, 1, 1, 1, 1, 7, 1, 3, 1, 1, 1, 2, 1, 1, 1, 1, 3, 2, 1, 1, 3, 1, 1, 1, 3, 2];6
90;90;90;4;True;2000;1;0;0;0;0;0;0;508.9229645729065;135.21885061264038;123702.81075536697;113462.38191986084;5626.207033972434;4613.960000000001;[13.82, 68.75, 11.92, 66.75, 89.75, 75.75, 84.75, 66.75, 21.75, 76.75, 13.82, 75.75, 14.15, 39.75, 91.75, 46.75, 46.75, 66.75, 43.75, 37.75, 91.75, 6.58, 16.76, 44.75, 21.75, 38.75, 45.75, 17.76, 49.75, 27.75, 59.75, 79.75, 98.75, 46.75, 54.75, 81.75, 66.75, 35.75, 60.75, 79.75, 43.75, 28.75, 113.75, 78.75, 67.75, 51.75, 25.75, 22.75, 35.75, 20.75, 35.75, 32.75, 83.75, 20.75, 82.75, 52.75, 37.75, 55.75, 34.75, 11.92, 10.52, 18.75, 88.75, 15.86, 30.75, 74.75, 83.75, 79.75, 62.75, 32.75, 30.75, 62.75, 46.75, 53.75, 33.75, 80.75, 115.75, 62.75, 79.75, 27.75, 73.75, 96.75, 90.75, 22.75, 72.75, 35.75, 7.59, 55.75, 29.75, 17.76];109.17;[3, 1, 1, 2, 4, 2, 1, 1, 1, 3, 1, 2, 2, 1, 1, 1, 2, 4, 1, 3, 1, 2, 4, 1, 3, 1, 1, 2, 3, 1, 1, 1, 2, 2, 3, 1, 2, 1, 1, 2, 1, 1, 3, 1, 2, 1, 4, 1, 1, 3];3
90;90;90;5;True;2000;1;0;0;0;0;0;0;512.5442976951599;120.57164883613586;120611.86940414243;110106.47193145752;5293.850983057959;5211.380000000002;[42.94, 111.26, 38.66, 84.26, 14.65, 79.26, 63.11, 22.85, 71.11, 28.0, 107.26, 1.0, 20.85, 30.63, 35.41, 95.26, 18.83, 17.83, 44.13, 65.11, 110.26, 71.11, 109.26, 25.97, 2.46, 112.26, 7.81, 29.0, 121.26, 120.26, 45.11, 58.11, 90.26, 50.11, 51.11, 74.26, 6.39, 41.94, 89.26, 28.0, 29.0, 67.11, 33.75, 38.66, 53.11, 6.39, 92.26, 86.26, 103.26, 38.66, 55.11, 21.85, 79.26, 79.26, 15.49, 47.11, 45.11, 38.66, 36.41, 118.26, 104.26, 36.41, 69.11, 57.11, 57.11, 35.08, 64.11, 64.11, 88.26, 57.11, 81.26, 101.26, 59.11, 47.11, 51.11, 2.46, 39.66, 48.11, 7.39, 35.41, 97.26, 130.26, 135.26, 3.54, 31.6, 81.26, 127.26, 41.94, 31.6, 104.26];134.26;[1, 1, 1, 1, 1, 2, 1, 1, 2, 2, 1, 5, 1, 2, 1, 2, 2, 2, 2, 1, 3, 1, 4, 2, 1, 1, 3, 1, 3, 2, 1, 1, 2, 2, 1, 4, 1, 2, 2, 2, 2, 4, 2, 4, 1, 4, 1, 1];4
90;90;90;6;True;2000;1;0;0;0;0;0;0;452.09919357299805;139.36164546012878;128936.74562996675;118670.62810659409;5293.35662089078;4972.680000000001;[51.34, 39.08, 83.97, 87.97, 68.14, 84.97, 50.34, 85.97, 97.97, 23.88, 39.34, 46.34, 76.14, 58.17, 51.34, 9.05, 70.91, 58.17, 46.34, 85.97, 69.14, 51.34, 53.34, 11.9, 85.97, 70.91, 71.91, 37.06, 42.34, 35.03, 51.34, 72.91, 57.17, 67.14, 84.97, 74.91, 97.97, 31.98, 44.34, 65.35, 97.97, 32.98, 35.03, 69.14, 57.17, 59.17, 11.9, 16.89, 32.98, 89.97, 87.97, 21.88, 9.9, 42.34, 81.35, 42.34, 97.97, 39.08, 50.34, 24.88, 32.98, 36.03, 26.88, 29.93, 25.88, 91.97, 63.35, 90.97, 86.97, 74.91, 84.97, 60.17, 2.95, 62.35, 51.34, 15.9, 25.88, 76.14, 50.34, 20.15, 93.97, 62.12, 63.35, 46.34, 57.17, 71.91, 45.34, 11.89, 18.89, 97.97];95.02;[2, 1, 1, 6, 4, 2, 4, 3, 2, 1, 2, 1, 1, 1, 3, 2, 2, 1, 1, 3, 1, 3, 2, 1, 2, 4, 3, 2, 1, 1, 2, 1, 2, 2, 2, 2, 2, 1, 1, 6, 1, 1, 1, 2, 1];5
90;100;90;1;True;2000;1;0;0;0;0;0;0;616.5908517837524;179.20153260231018;156167.2183215256;144182.39194965363;5853.647977668682;6131.04;[97.92, 37.41, 35.63, 115.92, 74.45, 52.99, 92.92, 66.45, 76.83, 82.83, 9.88, 58.92, 103.92, 52.76, 48.41, 99.92, 24.43, 53.99, 142.92, 94.92, 69.45, 3.57, 47.64, 43.04, 50.58, 68.45, 32.57, 110.92, 40.57, 142.92, 85.23, 20.13, 65.45, 129.92, 73.45, 91.92, 120.92, 11.29, 30.64, 142.92, 35.41, 88.92, 36.63, 139.92, 27.42, 43.91, 32.57, 133.92, 113.92, 100.92, 41.91, 98.92, 47.64, 24.43, 58.92, 41.91, 112.92, 51.58, 92.92, 59.25, 119.92, 99.92, 89.92, 60.72, 46.64, 49.58, 47.64, 30.07, 11.14, 33.63, 94.92, 81.83, 68.45, 17.18, 3.57, 78.83, 88.92, 98.92, 62.65, 40.57, 81.83, 90.92, 138.92, 52.76, 80.83, 7.81, 26.79, 30.07, 121.92, 85.23];139.35;[1, 3, 2, 2, 2, 1, 3, 2, 2, 2, 1, 1, 2, 5, 1, 2, 3, 3, 1, 1, 1, 6, 3, 3, 1, 1, 1, 3, 1, 1, 1, 1, 4, 2, 2, 1, 1, 1, 1, 1, 3, 1, 1, 2, 4, 3, 2, 2, 2, 2, 2];5
90;100;90;2;True;2000;1;0;0;0;0;0;0;592.8072872161865;140.21984791755676;136283.41710022633;124567.24357128143;6413.522699529719;5302.560000000007;[41.79, 112.59, 112.59, 47.55, 39.26, 98.59, 35.49, 31.44, 25.01, 90.59, 35.49, 83.59, 30.44, 47.55, 34.69, 39.26, 22.01, 73.59, 58.59, 30.01, 95.59, 56.59, 41.02, 65.59, 148.59, 71.59, 33.54, 44.55, 31.54, 36.49, 74.59, 31.54, 50.55, 41.79, 112.59, 108.59, 82.59, 46.55, 15.96, 44.55, 53.59, 32.54, 71.59, 58.59, 38.26, 38.26, 52.55, 146.59, 62.59, 117.59, 82.59, 54.59, 60.59, 29.01, 66.59, 78.59, 74.59, 10.99, 30.01, 45.55, 59.59, 56.59, 47.55, 77.59, 81.59, 45.55, 133.59, 37.26, 55.59, 18.19, 64.59, 61.59, 69.59, 27.01, 55.59, 40.02, 40.02, 62.59, 71.59, 52.55, 62.59, 134.59, 33.54, 25.93, 73.59, 50.55, 52.59, 67.59, 30.01, 83.59];137.6;[4, 2, 3, 2, 2, 1, 1, 1, 1, 1, 1, 2, 1, 5, 2, 1, 3, 1, 2, 4, 2, 1, 2, 1, 1, 1, 3, 6, 1, 5, 2, 1, 2, 2, 2, 1, 4, 1, 2, 1, 1, 2, 4, 1, 2, 1, 2, 1, 1, 1, 1, 1, 1];5
90;100;90;3;True;2000;1;0;0;0;0;0;0;508.80666303634644;166.94153213500977;138856.82017774152;127439.30263566971;6035.886937783001;5381.430000000002;[58.13, 66.13, 100.13, 59.13, 64.13, 28.41, 27.01, 62.13, 88.13, 73.13, 30.87, 49.32, 116.13, 88.13, 41.13, 51.46, 41.13, 33.13, 29.28, 86.13, 37.0, 69.13, 116.13, 32.63, 48.03, 55.13, 96.13, 24.97, 54.13, 72.13, 39.35, 102.13, 75.13, 67.13, 66.13, 61.13, 77.13, 63.13, 51.46, 73.13, 56.13, 113.13, 54.13, 40.35, 51.46, 38.7, 71.13, 62.13, 48.03, 34.05, 43.84, 26.5, 101.13, 76.13, 40.35, 116.13, 22.25, 97.13, 82.13, 77.13, 90.13, 67.13, 76.13, 2.83, 20.37, 63.13, 58.13, 50.32, 1.0, 34.24, 49.32, 45.42, 29.28, 56.13, 99.13, 77.13, 89.13, 88.13, 47.03, 43.2, 23.98, 95.13, 64.13, 30.87, 68.13, 25.97, 71.13, 54.13, 62.13, 72.13];115.13;[1, 1, 2, 2, 4, 1, 5, 4, 3, 1, 1, 4, 2, 3, 5, 1, 2, 2, 3, 1, 1, 1, 1, 1, 1, 2, 3, 5, 2, 1, 4, 1, 2, 1, 2, 1, 1, 1, 1, 2, 3, 3, 1, 3, 3, 2, 1, 1, 1];4
90;100;90;4;True;2000;1;0;0;0;0;0;0;587.1333265304565;163.0543293952942;144976.93483746602;133690.54259872437;6203.916468726899;5082.350000000002;[18.75, 102.64, 14.93, 66.64, 58.64, 80.64, 117.64, 74.64, 23.64, 70.64, 15.11, 79.64, 17.01, 36.64, 91.64, 31.64, 57.64, 63.64, 102.64, 28.64, 75.64, 12.57, 28.64, 37.64, 27.64, 42.64, 48.64, 17.26, 47.64, 32.64, 92.64, 58.64, 106.64, 57.64, 51.64, 44.64, 50.64, 30.64, 80.64, 99.64, 51.64, 32.64, 128.64, 84.64, 59.64, 75.64, 61.64, 27.64, 40.64, 26.64, 54.64, 40.64, 70.64, 21.31, 111.64, 84.64, 42.64, 79.64, 29.64, 19.75, 16.76, 23.64, 86.64, 21.31, 33.64, 103.64, 61.64, 86.64, 82.64, 37.64, 30.64, 109.64, 58.64, 43.64, 24.64, 75.64, 128.64, 52.64, 128.64, 28.64, 88.64, 65.64, 92.64, 24.64, 70.64, 30.64, 8.36, 51.64, 50.64, 21.31];120.27999999999999;[3, 2, 1, 4, 1, 3, 3, 2, 4, 1, 6, 2, 3, 1, 1, 1, 3, 2, 1, 2, 1, 2, 5, 2, 1, 3, 1, 1, 1, 2, 1, 1, 2, 4, 1, 3, 2, 1, 2, 2, 1, 1, 1, 2, 2, 3, 1, 1, 1, 3];5
90;100;90;5;True;2000;1;0;0;0;0;0;0;581.2625203132629;166.0069408416748;146332.99274292027;134163.8811879158;5988.652553324441;6180.579999999999;[53.72, 126.29, 39.47, 71.29, 23.2, 89.29, 79.29, 33.4, 71.29, 35.52, 102.29, 1.0, 35.2, 56.92, 55.92, 98.29, 32.58, 32.57, 79.29, 69.29, 118.29, 94.29, 104.29, 44.86, 2.41, 97.29, 16.93, 36.52, 108.29, 102.29, 66.29, 68.29, 92.29, 74.29, 57.92, 142.29, 14.07, 59.29, 125.29, 37.92, 40.49, 80.29, 38.47, 49.3, 59.29, 17.3, 93.29, 70.29, 123.29, 48.14, 75.29, 33.4, 90.29, 89.29, 39.47, 55.92, 62.29, 56.92, 59.29, 84.29, 108.29, 52.72, 87.29, 75.29, 61.29, 57.92, 74.29, 142.29, 102.29, 71.29, 98.29, 103.29, 65.29, 65.29, 62.29, 2.41, 63.29, 67.29, 29.19, 48.14, 106.29, 142.29, 125.29, 3.93, 46.0, 86.29, 142.29, 48.3, 41.77, 84.29];141.29;[2, 1, 2, 1, 4, 1, 3, 2, 1, 1, 1, 2, 3, 1, 1, 2, 1, 1, 3, 2, 3, 1, 2, 3, 3, 1, 1, 3, 2, 3, 1, 4, 1, 1, 1, 2, 1, 4, 2, 1, 2, 2, 3, 1, 1, 5, 3, 2, 3, 2, 1];4
90;100;90;6;True;2000;1;0;0;0;0;0;0;539.3421673774719;168.1130838394165;151730.52501951862;139999.54718255997;5898.292865410785;5832.800000000002;[67.88, 50.87, 100.51, 80.67, 74.83, 85.5, 64.88, 125.6, 105.51, 30.25, 52.87, 61.87, 91.5, 55.87, 62.87, 10.31, 69.48, 66.88, 59.87, 97.44, 64.88, 68.48, 90.5, 29.25, 95.5, 72.48, 92.5, 47.25, 58.87, 38.26, 56.87, 71.48, 61.87, 77.09, 93.5, 65.88, 103.51, 33.25, 49.25, 83.25, 85.5, 44.25, 42.25, 77.09, 52.87, 73.83, 14.77, 26.26, 43.25, 119.6, 104.51, 31.25, 14.26, 54.87, 80.67, 61.87, 119.6, 50.23, 59.87, 34.25, 38.26, 47.25, 45.25, 45.25, 33.25, 88.5, 60.87, 125.6, 84.39, 77.09, 117.18, 66.88, 2.95, 78.34, 50.87, 23.26, 34.25, 71.48, 58.87, 30.25, 76.09, 101.51, 90.5, 50.87, 68.34, 86.5, 38.26, 19.41, 35.25, 125.6];122.64999999999999;[5, 2, 1, 5, 1, 5, 3, 1, 3, 3, 2, 3, 3, 1, 1, 1, 3, 2, 2, 1, 2, 2, 2, 2, 1, 1, 1, 1, 1, 3, 1, 1, 1, 2, 3, 3, 1, 2, 2, 2, 1, 2, 2, 1, 3, 2, 1, 1, 5];4
100;100;100;1;True;2000;1;0;0;0;0;0;0;584.7450094223022;198.9535698890686;144440.01493354724;132861.80486631393;5813.508692113636;5764.759999999995;[64.07, 31.09, 32.09, 117.07, 62.07, 41.89, 65.07, 57.07, 51.07, 49.12, 10.69, 71.07, 122.07, 53.07, 64.07, 79.07, 21.78, 36.16, 72.07, 80.07, 81.07, 3.26, 77.07, 38.74, 41.89, 57.07, 30.42, 66.07, 41.89, 108.07, 72.07, 14.57, 55.07, 42.89, 65.07, 95.07, 89.07, 19.29, 27.55, 132.07, 30.87, 85.07, 34.16, 93.07, 24.14, 27.12, 26.69, 87.07, 101.07, 80.07, 62.07, 114.07, 44.83, 19.29, 47.48, 36.16, 116.07, 47.48, 123.07, 36.16, 53.07, 46.48, 101.07, 51.07, 37.16, 57.07, 39.74, 39.74, 15.13, 37.16, 31.09, 86.07, 53.07, 19.84, 3.57, 68.07, 94.07, 46.48, 92.07, 38.74, 81.07, 72.07, 129.07, 41.32, 117.07, 9.13, 26.69, 25.4, 63.07, 91.07, 25.69, 7.85, 10.69, 123.07, 20.86, 45.83, 94.07, 101.07, 32.83, 61.07];128.81;[1, 1, 2, 2, 1, 1, 2, 1, 1, 2, 2, 1, 1, 1, 4, 2, 3, 3, 3, 1, 2, 4, 5, 2, 4, 1, 1, 2, 2, 1, 3, 2, 3, 1, 3, 1, 1, 1, 2, 3, 1, 1, 2, 1, 4, 3, 2, 4, 1, 1, 1];4
100;100;100;2;True;2000;1;0;0;0;0;0;0;613.9450855255127;191.4566466808319;145406.92635553985;132985.83723020554;6490.56469129871;5930.479999999997;[33.75, 115.11, 90.11, 46.99, 35.22, 103.11, 30.25, 22.01, 16.68, 76.11, 35.22, 99.11, 27.15, 43.52, 40.11, 24.01, 12.63, 99.11, 60.11, 30.25, 99.11, 64.11, 44.52, 66.11, 148.11, 101.11, 36.93, 42.35, 23.01, 26.47, 82.11, 32.61, 69.11, 37.84, 137.11, 84.11, 104.11, 46.99, 14.7, 37.84, 54.74, 32.93, 59.11, 55.74, 38.16, 41.28, 51.9, 122.11, 53.52, 68.11, 83.11, 45.99, 98.11, 23.01, 69.11, 67.11, 79.11, 10.13, 36.1, 41.28, 37.84, 59.11, 41.28, 119.11, 122.11, 58.16, 133.11, 28.63, 48.2, 9.1, 44.52, 46.99, 86.11, 13.47, 68.11, 32.93, 38.88, 74.11, 49.64, 41.28, 61.11, 141.11, 40.11, 27.15, 93.11, 45.99, 33.75, 52.2, 20.34, 92.11, 73.11, 87.11, 55.74, 26.47, 62.11, 75.11, 108.11, 48.2, 107.11, 58.16];139.01000000000002;[3, 1, 4, 1, 1, 1, 1, 1, 1, 2, 3, 4, 5, 3, 1, 3, 3, 1, 2, 3, 2, 3, 1, 1, 1, 4, 2, 1, 1, 1, 2, 3, 4, 2, 2, 2, 1, 1, 1, 2, 1, 1, 1, 1, 1, 2, 3, 2, 1, 1, 2, 2, 1];4
100;100;100;3;True;2000;1;0;0;0;0;0;0;599.2918882369995;210.66540002822876;151156.3360773126;140432.93763399124;5907.239956044833;4816.420000000003;[59.78, 57.78, 61.78, 54.78, 54.78, 14.6, 12.65, 56.78, 72.78, 56.78, 16.78, 42.78, 74.78, 44.78, 25.78, 36.78, 44.78, 16.78, 16.78, 80.78, 29.78, 54.78, 85.78, 25.78, 34.78, 42.78, 111.78, 16.78, 35.78, 82.78, 20.78, 62.78, 67.78, 87.78, 81.78, 47.78, 62.78, 38.78, 38.78, 67.78, 43.78, 76.78, 36.78, 31.78, 47.78, 28.78, 52.78, 78.78, 47.78, 24.78, 46.78, 10.15, 55.78, 73.78, 31.78, 109.78, 9.11, 109.78, 106.78, 60.78, 68.78, 54.78, 59.78, 2.88, 9.01, 49.78, 50.78, 46.78, 1.0, 28.78, 22.78, 19.78, 20.78, 45.78, 99.78, 68.78, 62.78, 86.78, 25.78, 51.78, 18.78, 81.78, 51.78, 18.78, 50.78, 17.78, 62.78, 48.78, 63.78, 40.78, 69.78, 67.78, 35.78, 55.78, 8.07, 11.15, 40.78, 45.78, 48.78, 14.6];110.78;[5, 1, 2, 2, 2, 1, 1, 2, 1, 2, 1, 2, 5, 1, 4, 1, 3, 1, 1, 1, 1, 2, 1, 1, 2, 1, 2, 7, 4, 3, 4, 1, 1, 2, 1, 1, 3, 2, 2, 1, 4, 2, 3, 5, 1, 2, 1, 1];6
100;100;100;4;True;2000;1;0;0;0;0;0;0;603.9172220230103;192.28034830093384;140410.0240259377;128591.43616008759;6163.363689774251;5655.16;[21.11, 74.55, 11.35, 64.02, 77.55, 74.55, 111.99, 68.96, 24.63, 68.96, 15.25, 66.5, 15.56, 43.16, 95.69, 43.41, 55.77, 86.55, 42.16, 34.99, 111.99, 2.12, 57.5, 42.16, 28.69, 44.41, 52.77, 17.99, 62.02, 47.77, 67.96, 48.77, 98.69, 53.77, 47.52, 72.41, 64.02, 38.43, 57.5, 84.55, 46.52, 29.84, 142.67, 75.55, 64.02, 78.55, 36.39, 33.21, 56.5, 28.84, 38.43, 36.17, 73.41, 24.63, 58.5, 64.02, 50.77, 55.77, 31.41, 13.18, 13.72, 25.63, 95.69, 24.03, 48.77, 109.99, 72.41, 87.55, 69.96, 40.61, 33.21, 72.41, 57.5, 66.5, 31.41, 64.02, 92.69, 61.02, 149.67, 38.61, 78.55, 94.69, 95.69, 29.84, 67.5, 42.16, 6.58, 55.77, 57.5, 20.98, 149.67, 33.21, 48.77, 29.84, 73.41, 24.03, 55.77, 37.43, 36.57, 125.67];147.54999999999998;[2, 1, 1, 2, 1, 1, 2, 2, 1, 3, 1, 1, 4, 1, 1, 2, 2, 1, 3, 1, 3, 4, 3, 1, 2, 1, 1, 1, 1, 5, 1, 3, 2, 2, 1, 1, 1, 1, 2, 1, 1, 2, 4, 2, 2, 4, 1, 2, 1, 1, 3, 2, 1, 4];4
100;100;100;5;True;2000;1;0;0;0;0;0;0;459.8671350479126;150.74479413032532;124563.79875337002;112697.0347442627;5980.224362430777;5886.509999999993;[45.86, 66.7, 44.07, 47.65, 16.74, 85.7, 62.7, 32.27, 65.7, 41.2, 91.7, 1.0, 19.28, 42.61, 54.54, 100.7, 21.29, 23.94, 48.18, 70.7, 79.7, 76.7, 81.7, 47.65, 2.87, 78.7, 12.22, 34.25, 67.7, 75.7, 50.17, 63.7, 86.7, 59.7, 53.36, 108.7, 8.52, 52.99, 74.7, 41.88, 29.42, 70.7, 48.18, 46.43, 61.7, 13.52, 93.7, 61.7, 66.7, 51.99, 61.7, 24.77, 71.7, 91.7, 39.53, 55.54, 60.7, 48.18, 41.88, 78.7, 75.7, 51.99, 96.7, 66.7, 66.7, 48.18, 70.7, 55.85, 66.7, 62.7, 60.7, 108.7, 60.7, 58.28, 47.65, 2.0, 51.17, 56.85, 8.52, 44.07, 90.7, 85.7, 78.7, 3.4, 43.09, 81.7, 108.7, 55.67, 46.43, 74.7, 67.7, 108.7, 83.7, 70.7, 64.7, 76.7, 108.7, 72.7, 86.7, 58.28];107.7;[3, 2, 1, 3, 1, 2, 1, 1, 1, 1, 1, 1, 1, 1, 2, 1, 1, 1, 6, 1, 1, 1, 1, 1, 4, 3, 2, 2, 2, 1, 1, 2, 3, 1, 1, 2, 2, 3, 1, 1, 1, 2, 1, 2, 1, 2, 1, 3, 4, 2, 2, 1, 3, 4, 2, 2];5
100;100;100;6;True;2000;1;0;0;0;0;0;0;541.2328009605408;187.4854714870453;147329.5243863993;135921.16571760178;5827.659666799758;5580.939999999997;[60.74, 39.66, 67.98, 74.98, 49.45, 113.98, 47.46, 107.98, 98.98, 17.76, 27.73, 44.48, 70.98, 81.98, 42.49, 8.34, 78.98, 48.46, 40.38, 81.98, 48.46, 55.85, 64.98, 12.27, 77.98, 92.98, 54.85, 36.44, 36.44, 29.06, 81.98, 87.98, 57.85, 77.98, 65.98, 50.45, 101.98, 29.06, 34.13, 60.74, 95.98, 30.06, 25.15, 79.98, 67.98, 52.14, 10.94, 16.34, 52.14, 89.98, 87.98, 17.76, 9.28, 36.44, 66.98, 34.13, 113.98, 38.67, 65.98, 22.87, 28.73, 30.06, 48.46, 27.08, 27.54, 70.98, 48.46, 113.98, 78.98, 69.98, 108.98, 50.45, 2.8, 84.98, 23.93, 15.43, 16.81, 73.98, 57.85, 20.0, 69.98, 94.98, 59.74, 42.49, 64.98, 55.85, 23.93, 10.94, 19.0, 104.98, 25.52, 89.98, 7.34, 78.98, 39.66, 79.98, 96.98, 113.98, 63.98, 61.24];111.18;[2, 2, 2, 6, 1, 2, 1, 1, 1, 2, 2, 2, 1, 1, 1, 2, 1, 1, 3, 1, 1, 3, 2, 1, 1, 1, 1, 1, 6, 1, 1, 2, 1, 2, 1, 4, 2, 2, 3, 2, 1, 3, 2, 2, 1, 4, 5, 1, 1, 1, 3, 2, 1];5
